0,0197502393275499; 0,00603293953463435; -0,00928324833512306
0,0193692874163389; -0,0192097723484039; 0,00447450391948223
0,0241368468850851; -0,0173016861081123; -0,00505278864875436
0,021342258900404; -0,00824089162051678; -0,0159480962902308
0,0186521094292402; 0,00235582166351378; -0,0212541632354259
0,0178249068558216; 0,00472502177581191; -0,017515804618597
0,0157528575509787; -0,00417737197130919; -0,0120489355176687
0,0123631851747632; -0,00671500386670232; -0,0155613822862506
0,0145987747237086; 0,000781875103712082; -0,0126470308750868
0,0114450147375464; 0,00588769651949406; -0,00725946063175797
0,00661794375628233; 0,0297305341809988; 0,00134718406479806
0,00431502237915993; 0,0352673977613449; 0,0174711495637894
0,00505152111873031; 0,033317144960165; 0,0381218977272511
0,0028468226082623; 0,0294083692133427; 0,0555538199841976
0,00311758904717863; 0,0258506648242474; 0,0619598366320133
0,00280636711977422; 0,0157221965491772; 0,0459305457770824
0,00210754293948412; 0,0176036693155766; 0,0178323183208704
0,00244070519693196; 0,0203828997910023; -0,017653726041317
0,00268465164117515; 0,0224546138197184; -0,0426202081143856
0,00221194489859045; 0,0285595040768385; -0,0531544983386993
0,00234487443231046; 0,0235258899629116; -0,0470056906342506
0,00885455962270498; 0,0056968149729073; 0,00560594722628593
0,011368396691978; -0,019257266074419; 0,0267008394002914
0,0137270446866751; -0,0308361388742924; 0,0315793491899967
0,0160830765962601; -0,0250082071870565; 0,00625572679564357
0,0167103707790375; -0,0117588769644499; -0,0195795930922031
0,012012098915875; 0,00164557772222906; -0,037434957921505
0,00697091082111001; 0,00884897168725729; -0,0405498035252094
0,00633608037605882; 0,00878655910491943; -0,0320466682314873
0,00747675402089953; 0,00131370860617608; -0,0181428976356983
0,00997039303183556; -0,00908797979354858; 0,00278545636683702
0,0127368653193116; -0,0215129256248474; 0,0216146353632212
0,00948998611420393; -0,0292239747941494; 0,00609380379319191
0,00936527643352747; -0,0288208276033401; 0,00503738736733794
0,0038682350423187; -0,0203529223799706; -0,0250536054372787
0,00429975381121039; -0,0200782269239426; -0,0258085262030363
0,00124857272021472; -0,0130051877349615; -0,0333512350916862
-0,0024824533611536; 0,0185297206044197; -0,0285386722534895
-0,00183777185156941; 0,018446883186698; -0,02836087718606
-0,000917426717933267; 0,0225510038435459; -0,0119498185813427
-0,004223698284477; 0,0138553660362959; 0,00205141701735556
-0,0043266462162137; 0,014064896851778; 0,0015033467207104
-0,00360193336382508; 0,00144503836054355; 0,000941995356697589
-0,00826943013817072; 0,0073661906644702; -0,0199914667755365
-0,0081157349050045; 0,00789674650877714; -0,0214222483336926
-0,00615824107080698; 0,022880332544446; -0,0385927855968475
-0,00851473305374384; 0,02423314191401; -0,0496102385222912
-0,0142595581710339; 0,0227764490991831; -0,0442599020898342
-0,0223781075328588; 0,0144907692447305; 0,0236146338284016
-0,0221976228058338; 0,0145349660888314; 0,0234814807772636
-0,0207486376166344; 0,0157793052494526; 0,0202174056321383
-0,0203343983739614; 0,0185006484389305; 0,0114715518429875
-0,0202662907540798; 0,0185659695416689; 0,0112888729199767
-0,0245495941489935; 0,0365086831152439; -0,0337215438485146
-0,0262931995093822; 0,0560184344649315; -0,0606754943728447
-0,0266621373593807; 0,0564296245574951; -0,0617759302258492
-0,0289086680859327; 0,0578382015228271; -0,0589997544884682
-0,0264361444860697; 0,0612550713121891; -0,0419221930205822
-0,0283902678638697; 0,0596254393458366; -0,0223581716418266
-0,0318743325769901; 0,0643153265118599; -0,00365639082156122
-0,0154841477051377; 0,0832017436623573; -0,00245504826307297
-0,0168854836374521; 0,0836002305150032; -0,00347124156542122
0,0192914232611656; 0,0873651951551437; -0,0500066913664341
0,0182761233299971; 0,0878855139017105; -0,0514032430946827
0,0121380053460598; 0,0961793437600136; -0,0146965999156237
0,00414046784862876; 0,11706904321909; 0,0291035659611225
-0,00610699411481619; 0,129986777901649; 0,0369556024670601
-0,0189312472939491; 0,129592284560204; 0,0165055263787508
-0,0283101089298725; 0,122265852987766; 0,0174443386495113
-0,0439788140356541; 0,12447439879179; 0,017045034095645
-0,0620931647717953; 0,135386601090431; 0,00427314592525363
-0,0760249346494675; 0,213032588362694; 0,0176386404782534
-0,0771209523081779; 0,212086141109467; 0,0203041527420282
-0,0550171472132206; 0,252950191497803; 0,0298529211431742
-0,0525598302483559; 0,229746147990227; 0,0350802578032017
-0,0695748850703239; 0,164103269577026; 0,00797545909881592
-0,0591145493090153; 0,124091424047947; 0,0195262841880322
-0,0520465150475502; 0,14313617348671; 0,0177601538598537
-0,0546918101608753; 0,142592370510101; 0,0191756058484316
-0,070800207555294; 0,158432602882385; 0,00456815678626299
-0,0859037265181541; 0,163676351308823; -0,0106002762913704
-0,121651321649551; 0,112341813743114; -0,0219251681119204
-0,142792344093323; 0,130992442369461; -0,0960009917616844
-0,143095508217812; 0,129548937082291; -0,0922863706946373
-0,136119157075882; 0,0871192440390587; -0,118591949343681
-0,120751246809959; 0,0316512584686279; -0,100171990692616
-0,120838902890682; -0,030746303498745; -0,0276024211198092
-0,109936930239201; -0,0639736279845238; -0,0139232212677598
-0,157873928546906; -0,108328886330128; 0,00291251763701439
-0,152690559625626; -0,110924258828163; 0,00896112807095051
-0,185313954949379; -0,0948529839515686; -0,0109610762447119
-0,225033804774284; -0,105813689529896; -0,0751650333404541
-0,264777481555939; -0,152115732431412; -0,0802442133426666
-0,272994935512543; -0,247614160180092; -0,0709196701645851
-0,268620163202286; -0,250983208417892; -0,064095601439476
-0,245500490069389; -0,272716730833054; -0,0781173929572105
-0,22450964152813; -0,312914967536926; -0,109935842454433
-0,213649943470955; -0,368370682001114; -0,135151326656342
-0,214606434106827; -0,426900535821915; -0,169526308774948
-0,226593494415283; -0,461882323026657; -0,19477042555809
-0,241479575634003; -0,479359328746796; -0,20305098593235
-0,24117337167263; -0,502695262432098; -0,19638754427433
-0,229148477315903; -0,511788308620453; -0,218230694532394
-0,196060210466385; -0,529976367950439; -0,235484659671783
-0,157868415117264; -0,559896409511566; -0,270242303609848
-0,11009220033884; -0,620937943458557; -0,344801336526871
-0,106325723230839; -0,617436707019806; -0,35256615281105
-0,0940928161144257; -0,617865145206451; -0,371687740087509
-0,0876443162560463; -0,57637232542038; -0,329292356967926
-0,0699513927102089; -0,551088273525238; -0,29356187582016
-0,0497611351311207; -0,518611073493958; -0,288070738315582
-0,0679997950792313; -0,48836886882782; -0,316995590925217
-0,054196834564209; -0,436581581830978; -0,348245322704315
-0,0058515896089375; -0,381467223167419; -0,370540767908096
0,0326941907405853; -0,349625408649445; -0,388689666986465
0,0791779309511185; -0,303910225629807; -0,365911990404129
0,131927326321602; -0,266049921512604; -0,317318618297577
0,175757199525833; -0,130993694067001; -0,140689760446548
0,176420360803604; -0,125574663281441; -0,161339566111565
0,159414052963257; -0,0850552842020988; -0,116310231387615
0,138505503535271; -0,0435684658586979; -0,0679604485630989
0,131417840719223; -0,00440563494339585; -0,0349195823073387
0,130355477333069; 0,0558188557624817; -0,0902581512928009
0,130448773503304; 0,0580899976193905; -0,103651344776154
0,119775213301182; 0,0871656835079193; -0,111791417002678
0,14277745783329; 0,13048467040062; -0,0635006353259087
0,177859112620354; 0,178017184138298; -0,0276305861771107
0,157830983400345; 0,185017138719559; -0,0331522114574909
0,15769399702549; 0,186279103159904; -0,0447954423725605
0,128276750445366; 0,164033964276314; -0,0905042812228203
0,115111149847507; 0,13861957192421; -0,0997146219015121
0,106184244155884; 0,155821695923805; -0,118875168263912
0,0819612964987755; 0,199153587222099; -0,127823248505592
0,0735831782221794; 0,242637515068054; -0,0480389930307865
0,0749873369932175; 0,242834687232971; -0,0550388284027576
0,111580975353718; 0,270406752824783; -0,0278774853795767
0,150414317846298; 0,27044016122818; -0,0583496168255806
0,167315632104874; 0,233928307890892; -0,143890008330345
0,174957409501076; 0,191910475492477; -0,224103137850761
0,197707325220108; 0,16808819770813; -0,148217678070068
0,169011861085892; 0,172508642077446; -0,0840858072042465
0,114265665411949; 0,18177218735218; -0,0522634871304035
0,0664100423455238; 0,182576522231102; -0,0510431528091431
0,0344834923744202; 0,159154489636421; -0,0728355199098587
0,0202062986791134; 0,12771412730217; -0,114428594708443
0,0355499945580959; 0,121082231402397; -0,137471407651901
0,0864928811788559; 0,151837557554245; -0,122679643332958
0,122825935482979; 0,18493627011776; -0,114018462598324
0,139141991734505; 0,205024868249893; -0,104557976126671
0,139329254627228; 0,197794899344444; -0,0826340243220329
0,10222315043211; 0,163302809000015; -0,0473142452538013
0,0744190588593483; 0,14921098947525; -0,0518835708498955
0,0611247271299362; 0,140427559614182; -0,0676497519016266
0,044051144272089; 0,141522347927094; -0,0782109051942825
0,0535726957023144; 0,153367191553116; -0,0680622830986977
0,0472236759960651; 0,155696719884872; -0,0526979938149452
0,0653097555041313; 0,163341894745827; -0,0291821323335171
0,0842683240771294; 0,18412084877491; -0,0345154292881489
0,0898873805999756; 0,185764759778976; -0,0548742823302746
0,0897189974784851; 0,176572307944298; -0,0755935609340668
0,0876777768135071; 0,171250477433205; -0,0813862830400467
0,0812391713261604; 0,179553121328354; -0,0687598809599876
0,0650699809193611; 0,185760259628296; -0,0754002407193184
0,0635614395141602; 0,196122407913208; -0,0731932744383812
0,0583362989127636; 0,205592319369316; -0,0786226317286491
0,0590798445045948; 0,208919957280159; -0,0841373205184937
0,054281871765852; 0,2176363915205; -0,0877286419272423
0,0410422421991825; 0,239655584096909; -0,0923185795545578
0,0223503671586514; 0,269220352172852; -0,0857702791690826
0,00179709808435291; 0,299334973096848; -0,0535814799368382
-0,0199097730219364; 0,327953517436981; -0,0130233336240053
-0,0230352617800236; 0,349619418382645; -0,00891422480344772
-0,0226010661572218; 0,371464550495148; -0,0525269359350204
-0,028131352737546; 0,392115145921707; -0,064248226583004
-0,0427371934056282; 0,422511696815491; -0,0727043300867081
-0,0643925368785858; 0,450893670320511; -0,0783779993653297
-0,0645493566989899; 0,493170768022537; -0,045059472322464
-0,0731393992900848; 0,497577488422394; 0,0410745851695538
-0,136873856186867; 0,47100493311882; 0,0981382951140404
-0,175615072250366; 0,47027263045311; 0,135269641876221
-0,17625492811203; 0,501735210418701; 0,146062895655632
-0,164690390229225; 0,548485517501831; 0,140264853835106
-0,154206901788712; 0,585374474525452; 0,098994180560112
-0,156352177262306; 0,617363214492798; 0,0453024469316006
-0,1529550999403; 0,709345459938049; -0,0221256650984287
-0,158581167459488; 0,771790146827698; -0,0304185915738344
-0,161013036966324; 0,786929130554199; 0,0236855801194906
-0,129875347018242; 0,741315007209778; 0,0768684819340706
-0,0692673474550247; 0,686040699481964; 0,0394545048475266
-0,0117163741961122; 0,686151325702667; -0,0571841485798359
0,0206772647798061; 0,727190673351288; -0,140692576766014
0,0137646179646254; 0,762893319129944; -0,191716015338898
0,00716516422107816; 0,779679417610168; -0,180766955018044
0,00516208447515965; 0,778792262077332; -0,065267376601696
0,0303685050457716; 0,655873954296112; 0,239274740219116
0,0359892398118973; 0,584035098552704; 0,140352144837379
0,0217321459203959; 0,546172201633453; -0,0488277487456799
0,00478731747716665; 0,53545343875885; -0,225910991430283
0,0505691654980183; 0,593360185623169; -0,336838036775589
0,0684726312756538; 0,598170936107635; -0,244508877396584
0,0909038484096527; 0,492904096841812; -0,0227000694721937
0,141164913773537; 0,37492573261261; 0,0822614431381226
0,0917759239673615; 0,215856239199638; -0,0210459008812904
-0,0180037003010511; 0,0473795086145401; -0,172110050916672
-0,0757887586951256; 0,0172993931919336; -0,347965478897095
-0,086207240819931; 0,0514866523444653; -0,41659539937973
-0,0694260969758034; 0,138667970895767; -0,407581865787506
0,0125529179349542; 0,193849846720695; -0,412361055612564
0,104748532176018; 0,150576069951057; -0,348015874624252
0,143066808581352; -0,0285216383635998; -0,44180628657341
0,0793377533555031; -0,177428126335144; -0,691653847694397
0,00190075242426246; -0,222844958305359; -0,764159142971039
-0,0346183404326439; -0,172489628195763; -0,719923734664917
-0,0512409694492817; -0,104531355202198; -0,699117481708527
-0,0626899972558022; -0,0541745573282242; -0,678376257419586
-0,0774854943156242; -0,0367173366248608; -0,659449517726898
-0,0293763559311628; -0,243397861719131; -0,731593430042267
-0,0340709909796715; -0,348552197217941; -0,762235164642334
-0,0242528021335602; -0,310210764408112; -0,679469883441925
-0,023050457239151; -0,238396719098091; -0,608364224433899
-0,0335409268736839; -0,149497359991074; -0,492577940225601
0,00535762589424849; -0,114132240414619; -0,367280304431915
0,03378651663661; -0,13623072206974; -0,361617892980576
0,016659539192915; -0,261119842529297; -0,423254907131195
0,0119941560551524; -0,425791651010513; -0,467591166496277
0,0275593288242817; -0,499098688364029; -0,47107982635498
0,0391654521226883; -0,458105027675629; -0,443773806095123
0,0527132526040077; -0,284775942564011; -0,414233535528183
0,0725532323122025; -0,227699846029282; -0,402318120002747
0,09364003688097; -0,174575313925743; -0,398523658514023
0,112087443470955; -0,165869534015656; -0,395425319671631
0,138153523206711; -0,197180598974228; -0,391009777784348
0,149086162447929; -0,224774673581123; -0,358990490436554
0,118821762502193; -0,241318687796593; -0,340349406003952
0,0743338018655777; -0,279628157615662; -0,285731762647629
0,0653750374913216; -0,337078869342804; -0,264188379049301
0,0993793159723282; -0,406358182430267; -0,272670388221741
0,181535542011261; -0,477475076913834; -0,307252109050751
0,190199673175812; -0,469454795122147; -0,29004892706871
0,188478633761406; -0,430479854345322; -0,287639886140823
0,189113885164261; -0,39449542760849; -0,244954034686089
0,191403806209564; -0,368432015180588; -0,202780827879906
0,198916792869568; -0,363408893346786; -0,191109329462051
0,221279233694077; -0,383336246013641; -0,191878974437714
0,243333399295807; -0,412350654602051; -0,226569071412086
0,254850506782532; -0,429540485143661; -0,234276801347733
0,262382477521896; -0,436527878046036; -0,246154367923737
0,263899475336075; -0,438221871852875; -0,278255134820938
0,247689515352249; -0,436176091432571; -0,287596017122269
0,240017831325531; -0,411035716533661; -0,304752975702286
0,261287212371826; -0,408216238021851; -0,272276908159256
0,290619403123856; -0,411203503608704; -0,235381945967674
0,318707197904587; -0,403999805450439; -0,243260249495506
0,336058735847473; -0,411197125911713; -0,24009981751442
0,346210330724716; -0,44103816151619; -0,235578879714012
0,357591360807419; -0,480500936508179; -0,272543728351593
0,367518365383148; -0,502353727817535; -0,348565429449081
0,396450370550156; -0,496499508619308; -0,402093291282654
0,433472454547882; -0,482026517391205; -0,467480719089508
0,496962428092957; -0,43358701467514; -0,478121280670166
0,519198775291443; -0,41316094994545; -0,470934242010117
0,534956336021423; -0,421009033918381; -0,473174661397934
0,534648001194; -0,412481606006622; -0,510046482086182
0,532244145870209; -0,368825048208237; -0,599305748939514
0,520776391029358; -0,308124899864197; -0,673104166984558
0,515363097190857; -0,248527139425278; -0,680103957653046
0,516780316829681; -0,188581600785255; -0,680334389209747
0,519358456134796; -0,12643826007843; -0,717206180095673
0,52949857711792; -0,0682777315378189; -0,748643219470978
0,55493438243866; 0,00474800169467926; -0,770032286643982
0,536713480949402; 0,0694318488240242; -0,785996973514557
0,522988855838776; 0,151599824428558; -0,78440523147583
0,504607856273651; 0,214070171117783; -0,822263777256012
0,487531810998917; 0,258899569511414; -0,807111024856567
0,476568013429642; 0,324893087148666; -0,761670112609863
0,488831400871277; 0,39661893248558; -0,702761173248291
0,496059685945511; 0,454216748476028; -0,658000469207764
0,528965592384338; 0,510180592536926; -0,635119736194611
0,581467390060425; 0,543795168399811; -0,678253948688507
0,611609876155853; 0,579777479171753; -0,79925400018692
0,564875721931458; 0,689308524131775; -0,819943249225616
0,521913528442383; 0,766731262207031; -0,803428053855896
0,451857805252075; 0,829113721847534; -0,75920295715332
0,381353437900543; 0,875099360942841; -0,693350434303284
0,327955603599548; 0,911012172698975; -0,624949157238007
0,286996483802795; 0,935165345668793; -0,567288458347321
0,249013036489487; 0,951339423656464; -0,557274580001831
0,209357872605324; 0,965899169445038; -0,591900169849396
0,173898369073868; 0,994724810123444; -0,622697472572327
0,139723122119904; 1,02937304973602; -0,61870402097702
0,105662122368813; 1,07145178318024; -0,587663590908051
-0,0112619390711188; 1,11749148368835; -0,403539746999741
-0,056483555585146; 1,13577401638031; -0,309492141008377
-0,0739265084266663; 1,12858140468597; -0,253557205200195
-0,0745646059513092; 1,06912302970886; -0,225436866283417
-0,0510574579238892; 1,05958330631256; -0,229332610964775
-0,098052054643631; 0,884472727775574; -0,219278514385223
-0,173761665821075; 0,820182025432587; -0,304660439491272
-0,156808093190193; 0,811330080032349; -0,300665527582169
-0,20132252573967; 0,800533294677734; -0,227525115013123
-0,187445804476738; 0,79237300157547; -0,221821621060371
-0,181159660220146; 0,699443340301514; -0,205767497420311
-0,16948676109314; 0,691695809364319; -0,198184475302696
-0,207257017493248; 0,585419356822968; -0,157843127846718
-0,197596952319145; 0,577931821346283; -0,14751923084259
-0,23059093952179; 0,470816910266876; -0,117494992911816
-0,223198339343071; 0,463627815246582; -0,104028813540936
-0,235010549426079; 0,4291130900383; -0,127128437161446
-0,251379877328873; 0,331554770469666; -0,196768298745155
-0,246508091688156; 0,324990391731262; -0,183142989873886
-0,26870733499527; 0,281312853097916; -0,19535256922245
-0,293312162160873; 0,240128755569458; -0,184815987944603
-0,28874471783638; 0,233211323618889; -0,172402605414391
-0,314586043357849; 0,180389910936356; -0,151977181434631
-0,291425228118896; 0,153217807412148; -0,118501797318459
-0,286971032619476; 0,145223304629326; -0,105320729315281
-0,293580621480942; 0,115440741181374; -0,146274551749229
-0,311250358819962; 0,100024774670601; -0,179693281650543
-0,326560914516449; 0,1067770794034; -0,191671326756477
-0,314964562654495; 0,120467461645603; -0,153037309646606
-0,310399621725082; 0,112690947949886; -0,144168332219124
-0,282817870378494; 0,113726370036602; -0,117724820971489
-0,252299785614014; 0,0992181673645973; -0,107259318232536
-0,248116165399551; 0,091047540307045; -0,0982918217778206
-0,264194965362549; 0,0537244938313961; -0,0854426398873329
-0,294126391410828; 0,0534449927508831; -0,0703280419111252
-0,348744094371796; 0,0585902668535709; -0,099297471344471
-0,391826629638672; 0,0445843450725079; -0,110344804823399
-0,418087184429169; 0,0392983630299568; -0,112417697906494
-0,428537487983704; -0,00143521721474826; -0,111773081123829
-0,457479119300842; -0,00640897266566753; -0,0738010406494141
-0,455663830041885; -0,011908289976418; -0,0679731145501137
-0,486309319734573; 0,00463173957541585; -0,0814504399895668
-0,486183881759644; 0,00132584013044834; -0,0765908285975456
-0,509411573410034; -0,00639516115188599; -0,149128884077072
-0,50934624671936; -0,0191618427634239; -0,17310357093811
-0,517563700675964; -0,028783842921257; -0,208621740341187
-0,505054652690887; -0,0191640164703131; -0,229298487305641
-0,491818279027939; -0,0193822626024485; -0,212976664304733
-0,504801034927368; -0,00196743872947991; -0,234264671802521
-0,533189654350281; 0,0242770332843065; -0,275403559207916
-0,600460410118103; 0,0589881241321564; -0,308856815099716
-0,600816190242767; 0,0611322410404682; -0,311628311872482
-0,684995353221893; -0,12287899851799; -0,458500891923904
-0,681357204914093; -0,123129315674305; -0,463843107223511
-0,789983451366425; -0,0566798709332943; -0,595662355422974
-0,830392360687256; 0,00615988904610276; -0,592344582080841
-0,856396734714508; 0,065181203186512; -0,575838506221771
-0,88380366563797; 0,0638213604688644; -0,568391859531403
-0,898785769939423; -0,146375507116318; -0,651885628700256
-0,819800496101379; -0,107627905905247; -0,522072017192841
-0,840608179569244; -0,0765085965394974; -0,354475975036621
-0,745411813259125; 0,659644305706024; -0,350215971469879
-0,740408420562744; 0,658593595027924; -0,359738141298294
-0,687657535076141; 0,92175567150116; -0,49656417965889
-0,437881737947464; 0,364717096090317; -0,734138190746307
-0,443694770336151; 0,377952843904495; -0,750607430934906
-0,252876430749893; 0,215815961360931; -0,878662943840027
-0,103132486343384; 0,234998434782028; -0,903223037719727
-0,037677988409996; 0,29985323548317; -0,814962148666382
-0,0299144480377436; 0,372350692749023; -0,769847333431244
-0,0430328175425529; 0,426926821470261; -0,777523934841156
-0,0514344945549965; 0,447838932275772; -0,757047951221466
-0,0354905351996422; 0,488667130470276; -0,721400499343872
0,0618714615702629; 0,521033406257629; -0,578133523464203
0,038605123758316; 0,539566516876221; -0,59121298789978
0,177886143326759; 0,545673727989197; -0,676987051963806
0,149939849972725; 0,564215064048767; -0,682247340679169
0,204180225729942; 0,640068054199219; -0,759890377521515
0,256561249494553; 0,633186340332031; -0,768727362155914
0,300133049488068; 0,703939378261566; -0,742266416549683
0,339147329330444; 0,735607206821442; -0,716877818107605
0,380925685167313; 0,802251935005188; -0,735573470592499
0,433043271303177; 0,796122908592224; -0,719374656677246
0,456124424934387; 0,785067141056061; -0,756644487380981
0,583176493644714; 0,72272801399231; -0,72822630405426
0,548143267631531; 0,730412900447845; -0,720023989677429
0,653847336769104; 0,5849968791008; -0,664319932460785
0,649895787239075; 0,564277350902557; -0,605774164199829
0,625653207302094; 0,549115300178528; -0,538844764232635
0,585734009742737; 0,542926907539368; -0,446115583181381
0,543848931789398; 0,538271963596344; -0,360527247190475
0,532438158988953; 0,504150331020355; -0,28704971075058
0,546931326389313; 0,456977814435959; -0,179867744445801
0,578327715396881; 0,36871749162674; -0,231610029935837
0,596444427967072; 0,297885954380035; -0,268290787935257
0,595656991004944; 0,248875334858894; -0,309754431247711
0,559285700321198; 0,278957575559616; -0,237387299537659
0,552050411701202; 0,27766951918602; -0,230745509266853
0,53122478723526; 0,236868605017662; -0,184274166822433
0,526002883911133; 0,198656737804413; -0,12568399310112
0,540909588336945; 0,16288024187088; -0,0716108456254005
0,557223737239838; 0,147585347294807; -0,045281395316124
0,570961117744446; 0,115406222641468; -0,0451652780175209
0,567442715167999; 0,114478148519993; -0,0415735691785812
0,554056227207184; 0,0749203935265541; -0,0488731674849987
0,528957903385162; 0,00715701468288898; -0,0426620915532112
0,510838806629181; -0,0141564980149269; -0,0662247985601425
0,466476589441299; 0,00401981873437762; -0,0472718551754951
0,464016616344452; 0,00374498800374568; -0,0467046946287155
0,423540771007538; -0,00563202239573002; -0,0597188845276833
0,363101780414581; 0,036878440529108; -0,062765434384346
0,319507300853729; -0,00401245197281241; -0,00208805315196514
0,292521238327026; -0,0997228100895882; 0,0271736495196819
0,230758354067802; -0,210797145962715; 0,0509026721119881
0,227910205721855; -0,21126714348793; 0,0520061887800694
0,194340690970421; -0,178431138396263; 0,0315746665000916
0,159694969654083; -0,163828983902931; 0,0234844163060188
0,121239200234413; -0,191786527633667; 0,0384558103978634
0,101423777639866; -0,242314621806145; 0,0789652317762375
0,0979278013110161; -0,242361515760422; 0,0777715668082237
0,0926320105791092; -0,205613821744919; 0,00171383307315409
0,0790603831410408; -0,194050848484039; -0,0566966570913792
0,0456367768347263; -0,212910115718842; -0,0740721598267555
0,0151868378743529; -0,231842145323753; -0,0756991729140282
-0,0146285062655807; -0,18909640610218; -0,0484875328838825
-0,0149067901074886; -0,18915356695652; -0,0483668707311153
-0,0306951813399792; -0,175091281533241; -0,0332745239138603
-0,028076957911253; -0,158053889870644; -0,0140582090243697
-0,0207692943513393; -0,144825220108032; -0,0162917673587799
-0,0536783188581467; -0,0990500599145889; -0,0569816529750824
-0,0526425391435623; -0,0986842662096024; -0,0581000223755836
-0,0578694492578506; -0,0800606310367584; -0,0711474865674973
-0,0455309748649597; -0,0503895319998264; -0,0754505693912506
-0,031638078391552; -0,0177722312510014; -0,0747181177139282
-0,0129011021926999; -0,0040666856803; -0,074153833091259
-0,00729788281023502; 0,00310530024580657; -0,088465116918087
-0,0125293852761388; 0,0257344525307417; -0,132340684533119
-0,00455687008798122; 0,0430994443595409; -0,165205061435699
0,0139752374961972; 0,0470491014420986; -0,170102000236511
0,0169239323586226; 0,0501206517219543; -0,158616915345192
-0,00284592970274389; 0,0656421259045601; -0,146469697356224
-0,0251223836094141; 0,0836202204227448; -0,133116379380226
-0,0183599479496479; 0,0792689993977547; -0,128375306725502
0,00388904358260334; 0,0709482878446579; -0,151572942733765
0,0388144068419933; 0,0592845194041729; -0,188798815011978
0,0660631284117699; 0,0316482372581959; -0,206442520022392
0,0682348608970642; 0,0152679029852152; -0,198405966162682
0,0563159435987473; 0,0176044050604105; -0,179591163992882
0,031896635890007; 0,0434943251311779; -0,132337808609009
-0,00128869037143886; 0,0329104773700237; -0,0750074237585068
-0,0207343306392431; 0,0400661714375019; -0,0251739099621773
-0,0177165400236845; 0,0675155892968178; -0,0282634496688843
-0,0296152550727129; 0,0574758499860764; -0,115234106779099
-0,0473094321787357; 0,0352058745920658; -0,195856839418411
-0,0208031721413136; 0,0474700480699539; -0,111839607357979
-0,0255102105438709; 0,010971412062645; -0,103736504912376
-0,0205720569938421; -0,0105460537597537; -0,0894750654697418
-0,00422628596425056; -0,0243109855800867; -0,0631001517176628
-0,00233865948393941; -0,0531960129737854; -0,0491631962358952
-0,0132539849728346; -0,0835319235920906; -0,0509230904281139
-0,0106616793200374; -0,0881509929895401; -0,0467963293194771
-0,00298069650307298; -0,0763820484280586; -0,0500148236751556
0,00599891878664494; -0,0690627917647362; -0,0311513878405094
-0,00559834111481905; -0,0782770812511444; 0,0171384047716856
-0,00128998595755547; -0,0876309275627136; -0,000732843298465014
0,000151904998347163; -0,0898734405636787; -0,0156901106238365
-0,00169781746808439; -0,0906554535031319; -0,0193474497646093
-0,00721369124948978; -0,0862996503710747; -0,0130277052521706
-0,0104614906013012; -0,061908308416605; -0,00326409004628658
-0,0136950919404626; -0,0148164294660091; 0,029336029663682
-0,00645231921225786; 0,0265239700675011; 0,0891054570674896
-0,00226747081615031; 0,0461873076856136; 0,135049358010292
-0,0021231893915683; 0,037156131118536; 0,152494877576828
0,00682802544906735; 0,01669149287045; 0,155144855380058
-0,00257359747774899; 0,00602100370451808; 0,042903371155262
-0,0134559804573655; 0,0398329608142376; -0,0336043983697891
-0,0134474383667111; 0,089593380689621; -0,093002587556839
-0,00742485141381621; 0,109230443835258; -0,107404351234436
-0,00360790104605258; 0,0737872868776321; -0,0670158714056015
-0,00550001068040729; -0,0110563384369016; 0,0048857587389648
-0,0177536085247993; -0,0980420857667923; 0,0669377818703651
-0,0147601179778576; -0,13192592561245; 0,0746155977249146
-0,01717259734869; -0,118648536503315; 0,0280415639281273
-0,0220079105347395; -0,0705729052424431; -0,0149879585951567
-0,0395038314163685; -0,0142723545432091; -0,0480693802237511
-0,0784442648291588; 0,0737150460481644; -0,123822152614594
-0,0749435648322105; 0,063080869615078; -0,139244809746742
-0,0866060182452202; 0,00219672359526157; -0,157174527645111
-0,0928340554237366; -0,0266757309436798; -0,194886773824692
-0,0824306383728981; 0,00416466081514955; -0,225758224725723
-0,0792787596583366; 0,0476847141981125; -0,246293157339096
-0,0863160789012909; 0,0661295726895332; -0,212820932269096
-0,0984552875161171; 0,0629861056804657; -0,13762055337429
-0,125005304813385; 0,0575174242258072; -0,0696978867053986
-0,140728279948235; 0,0604511275887489; -0,0240867342799902
-0,15002653002739; 0,0656875669956207; -0,00455374317243695
-0,150330200791359; 0,156905487179756; -0,0686261355876923
-0,153228387236595; 0,183338031172752; -0,107545711100101
-0,149626791477203; 0,199314117431641; -0,158291295170784
-0,135993123054504; 0,197059020400047; -0,21159864962101
-0,119927823543549; 0,185340240597725; -0,24346262216568
-0,101402692496777; 0,173560738563538; -0,265085011720657
-0,0754385069012642; 0,162101402878761; -0,230278521776199
-0,0705439820885658; 0,132802128791809; -0,168598979711533
-0,0871093347668648; 0,0987441912293434; -0,0892539620399475
-0,0903224050998688; 0,0987164899706841; 0,00203670654445887
-0,0915258079767227; 0,110614888370037; 0,0522735975682735
-0,0570487827062607; 0,100240349769592; -0,0185298603028059
-0,0312175005674362; 0,0677027106285095; -0,100786879658699
-0,0092884199693799; 0,0294058527797461; -0,163568124175072
0,0152939036488533; -0,0166227985173464; -0,187130197882652
0,0207512117922306; -0,0743089988827705; -0,176589488983154
0,0184416640549898; -0,100761324167252; -0,149897918105125
0,0137884439900517; -0,0781490728259087; -0,118370108306408
0,00112216977868229; -0,0290866196155548; -0,0983053669333458
-0,0220833066850901; 0,00881715770810843; -0,0858842805027962
-0,0402388945221901; 0,0204308200627565; -0,0916809663176537
-0,0117049654945731; 0,0276607759296894; -0,15506686270237
0,0280036497861147; 0,0365529023110867; -0,176910951733589
0,0680927261710167; 0,0415592789649963; -0,173763737082481
0,0749082639813423; 0,0170994438230991; -0,1547821611166
0,0358853749930859; -0,0256646648049355; -0,134409636259079
-0,00780591042712331; -0,0323797576129436; -0,0940656512975693
-0,022967042401433; 0,0161588229238987; -0,0500387363135815
-0,0343236476182938; 0,107468165457249; -0,0709262415766716
-0,044788271188736; 0,176515400409698; -0,0839354693889618
-0,0428614616394043; 0,211309686303139; -0,0798576101660728
-0,0244426876306534; 0,210328593850136; -0,0639036148786545
0,00431530177593231; 0,082993671298027; -0,0218212772160769
0,0287672095000744; 0,0129945976659656; 0,00914548058062792
0,0477549359202385; -0,042190283536911; 0,0285992454737425
0,0580566748976707; -0,0722665041685104; 0,00858776830136776
0,0608386248350143; -0,0535319186747074; -0,0510625950992107
0,0586641766130924; 0,000226975331315771; -0,109097681939602
0,0443992987275124; 0,0460269041359425; -0,158909603953362
0,0266927499324083; 0,0662723481655121; -0,18624421954155
0,0151283759623766; 0,0508375763893127; -0,142548590898514
0,0187932197004557; 0,0236024521291256; -0,115932516753674
0,0244769621640444; -0,00257213343866169; -0,0660112574696541
0,0320645049214363; -0,0181385688483715; 0,0386048518121243
0,0465777963399887; -0,00484950374811888; 0,0851607844233513
0,0309454835951328; 0,00162047578487545; 0,0844545736908913
0,0212101936340332; 0,0161619633436203; 0,0633143410086632
0,0192223247140646; 0,0498807393014431; 0,0262152999639511
0,0182673688977957; 0,0671750828623772; -0,0108061712235212
0,00655556656420231; 0,0445366054773331; -0,0316029936075211
0,000400069169700146; 0,00396840367466211; -0,0334723964333534
0,000617013720329851; -0,0362534709274769; -0,0301958676427603
0,0216026194393635; -0,061156801879406; -0,0145956072956324
0,0433287508785725; -0,0877937600016594; 0,00927884317934513
0,0399772599339485; -0,10857030749321; 0,0249774735420942
0,0321069844067097; -0,0780283585190773; 0,0174950323998928
0,0119374301284552; -0,0569556318223476; -0,00215001893229783
-0,00575438002124429; -0,0441529080271721; -0,0352533496916294
-0,012220511212945; -0,0354449525475502; -0,0634574815630913
-0,0130266584455967; -0,036091972142458; -0,0933238938450813
-0,0157210510224104; -0,0333386361598969; -0,0895766839385033
-0,0150871649384499; -0,0170318949967623; -0,0634463205933571
-0,0177477337419987; -0,00810737162828445; -0,0242075808346272
-0,0275403950363398; 0,0166173800826073; 0,0611669830977917
-0,0235370043665171; 0,0266053210943937; 0,0726734027266502
-0,0178714245557785; 0,0290504805743694; 0,0462593622505665
-0,0117512028664351; 0,0238684080541134; -0,00879551470279694
-0,00828035827726126; 0,0140519766137004; -0,0590291731059551
0,00199419865384698; 0,00582496728748083; -0,117189176380634
0,0082511780783534; 0,00580960884690285; -0,15571004152298
0,00926794670522213; 0,0167657304555178; -0,16386353969574
0,00204007141292095; 0,0207021441310644; -0,114727601408958
-0,00210131937637925; 0,0218586791306734; -0,0535707622766495
0,00384746352210641; 0,0233275946229696; 0,00126084487419575
0,00751159945502877; 0,0194772351533175; 0,0508364923298359
0,000164505516295321; 0,0242983270436525; 0,0224300343543291
-0,000152213280671276; 0,0446855165064335; 0,00151193200144917
-0,00131640222389251; 0,0651820302009583; -0,0115365674719214
0,00692842388525605; 0,0802947878837585; -0,00781446229666471
0,0182054005563259; 0,0858876928687096; 0,0331348367035389
0,0340748578310013; 0,0761774554848671; 0,0749749541282654
0,0390809178352356; 0,0486354790627956; 0,08713149279356
0,0447795800864697; 0,0142938140779734; 0,0647535622119904
0,0321843028068542; -0,0105648878961802; 0,00232936977408826
0,0208548549562693; -0,00979906413704157; -0,0645962357521057
0,0114167984575033; 0,00729149067774415; -0,131271630525589
-0,0107492674142122; 0,0460337772965431; -0,14443975687027
-0,0103662051260471; 0,0457116141915321; -0,143419712781906
-0,00770795019343495; 0,0561224780976772; -0,0197253730148077
-0,00831481255590916; 0,0559105761349201; -0,0187060590833426
0,00181809649802744; -0,0146276913583279; 0,115053832530975
0,00879187509417534; -0,0970517173409462; 0,131686642765999
0,00765757355839014; -0,0970842987298965; 0,132253378629684
0,0104911085218191; -0,101221993565559; 0,0764217302203178
0,0104709984734654; -0,0703482702374458; 0,000435473310062662
0,0117850173264742; -0,0703934580087662; 7,44311764719896e-05
0,00115881545934826; 0,0161787904798985; -0,130507856607437
-0,0081177344545722; 0,0330179743468761; -0,149872854351997
-0,0207716189324856; 0,0216854400932789; -0,135807499289513
-0,0256883054971695; -0,00323981861583889; -0,0987020283937454
-0,0249481592327356; -0,0301069933921099; -0,0495301373302937
-0,0222135726362467; -0,0308887995779514; -0,0479537397623062
-0,0137556307017803; -0,0344928875565529; -0,00519163860008121
-0,00728861056268215; 0,0060952715575695; -0,0418178588151932
-0,0164940636605024; 0,0342181324958801; -0,0772941187024117
-0,028620658442378; 0,0560176372528076; -0,0952560156583786
-0,0241608545184135; 0,0652571842074394; -0,0859793797135353
-0,0110474787652493; 0,0545105300843716; -0,0619189478456974
0,00298993289470673; 0,0220230668783188; -0,0186376851052046
0,0100302342325449; -0,0213052872568369; 0,0106521053239703
0,0230303909629583; -0,0374260954558849; 0,0276923142373562
0,0314142890274525; -0,0296640861779451; 0,040798407047987
0,026585778221488; -0,00452419323846698; 0,0362621247768402
0,0177022647112608; 0,0293382406234741; 0,0236211232841015
-0,0125118345022202; 0,0957233980298042; -0,0214297249913216
-0,012627131305635; 0,0963385626673698; -0,0235125087201595
-0,0222740154713392; 0,0983381941914558; -0,0441760011017323
-0,0242306720465422; 0,0989344716072083; -0,0452042073011398
0,0280498955398798; 0,0277166664600372; 0,0051421020179987
0,0431892052292824; -0,0373076014220715; 0,0308056995272636
0,0588311217725277; -0,0804266408085823; 0,0342632532119751
0,0672709792852402; -0,08812565356493; 0,00687722442671657
0,0718802586197853; -0,064252644777298; -0,0256820078939199
0,0653169825673103; -0,0244948454201221; -0,0528533831238747
0,0525356270372868; 0,0144157772883773; -0,075035497546196
0,0135197024792433; 0,062941774725914; -0,0444779731333256
0,0143042095005512; 0,0628760755062103; -0,0446671694517136
0,0180640984326601; 0,0507688298821449; 0,0416010767221451
0,0172928310930729; 0,0506759509444237; 0,0423369035124779
0,0393195673823357; -0,0373165495693684; 0,138217568397522
0,0451241470873356; -0,0677617788314819; 0,133613973855972
0,0493714734911919; -0,0502750054001808; 0,0440376847982407
0,0404399633407593; -0,0245749671012163; -0,0198333859443665
0,0363297536969185; 0,000291353062493727; -0,063380666077137
0,0268539413809776; 0,0126837231218815; -0,0727000758051872
0,0277321357280016; 0,0125243151560426; -0,0725985690951347
0,0226025208830833; 0,0144981201738119; 0,00570435728877783
0,0231932364404202; 0,0141658214852214; 0,00652833469212055
0,0282097216695547; -0,0370009653270245; 0,067364975810051
0,0285162199288607; -0,0374114997684956; 0,0685848891735077
0,0268500316888094; -0,0509133152663708; 0,060629740357399
0,0273928008973598; -0,0444397069513798; 0,0364759862422943
0,0117875747382641; 0,0110965836793184; -0,00971385277807713
0,00496297655627131; 0,0397307984530926; -0,0297713167965412
-0,0029570353217423; 0,0547438710927963; -0,0456334426999092
-0,00319466413930058; 0,0604077838361263; -0,0436465926468372
-0,00349861616268754; 0,0602776370942593; -0,0430604927241802
0,00900259520858526; 0,0532041974365711; -0,0272574052214622
0,00217636674642563; -0,0111264679580927; 0,00917384494096041
0,0023319695610553; -0,011207546107471; 0,00936357583850622
-0,00424719555303454; -0,0197791382670403; 0,0185219161212444
-0,00868050567805767; -0,00549235614016652; 0,0169010143727064
-0,0194309242069721; 0,0105263460427523; 0,00525200041010976
-0,0171457529067993; 0,0244688410311937; -0,00841600354760885
-0,0112932771444321; 0,0286190491169691; -0,0282775610685349
-0,00230784714221954; 0,0277076456695795; -0,0542673356831074
0,0186263062059879; 0,0163242388516665; -0,0605433396995068
0,0289238151162863; -0,0131391119211912; -0,0611053220927715
0,0290783047676086; -0,0437224730849266; -0,0503258556127548
0,00571575341746211; -0,0184770151972771; -0,0295144505798817
0,00745805352926254; -0,0185009408742189; -0,030321354046464
-0,025085786357522; 0,0383153818547726; -0,0124102588742971
-0,0282470714300871; 0,0457990355789661; -7,95424493844621e-05
-0,027017567306757; 0,0389550887048244; 0,016859482973814
-0,011951981112361; 0,0291522946208715; 0,0305219013243914
0,00500230863690376; 0,0164414066821337; 0,036334190517664
0,0222729854285717; -0,00834721699357033; 0,0407784767448902
0,030994575470686; -0,0370951481163502; 0,025355126708746
0,0378496907651424; -0,0486241914331913; 0,000823892885819077
0,0425246544182301; -0,0438239686191082; -0,0373226441442966
0,0424168147146702; -0,017221737653017; -0,0952635854482651
0,0431112535297871; -0,0169977601617575; -0,0963638797402382
0,0435091406106949; 0,0125406105071306; -0,0876614972949028
0,0398446768522263; 0,00178873864933848; -0,0490217916667461
0,0355716906487942; -0,019787710160017; 0,00117689755279571
0,0358582623302937; -0,0316662602126598; 0,0376690626144409
0,0335570350289345; -0,0365096628665924; 0,0540209151804447
0,0238466765731573; -0,0336537808179855; 0,05174420773983
0,01874840259552; -0,022567592561245; 0,0359918139874935
0,0213269870728254; -0,00561818014830351; 0,0153369102627039
0,0155824581161141; 0,0109211187809706; -0,00624021096155047
0,0261919777840376; 0,0462690740823746; -0,0485772900283337
0,0265326481312513; 0,0460818521678448; -0,0481288954615593
0,0391746908426285; 0,025902695953846; -0,024781234562397
0,043536014854908; -0,00781689956784248; 0,0105774775147438
0,0440612621605396; -0,0337818451225758; 0,0338834412395954