2,96253589913249e-06; 9,04940930195153e-07; -1,39248725026846e-06
7,84295294433831e-06; -1,373230968602e-06; -1,64963649585843e-06
1,537543265149e-05; -5,2861671661958e-06; -2,88842923473567e-06
2,49024088494479e-05; -9,5701528014615e-06; -6,26679698470981e-06
3,61600885167718e-05; -1,30887206061743e-05; -1,20358844054863e-05
4,91588987410068e-05; -1,6016326227691e-05; -1,9369634357281e-05
6,36293922550976e-05; -1,98067887336947e-05; -2,76349344057962e-05
7,91667206678539e-05; -2,43956332211382e-05; -3,76319950213656e-05
9,62757060304283e-05; -2,85314462496899e-05; -4,87480411538854e-05
0,000114371504867449; -3,1823198555503e-05; -6,03206548374146e-05
0,000132887744531035; -3,0949755560141e-05; -7,13282178796362e-05
0,000151720340363681; -2,62727296096272e-05; -7,97824676905293e-05
0,000171094913245179; -1,83615018031559e-05; -8,33919903205242e-05
0,000190643933461979; -7,70487586269147e-06; -8,0574534839252e-05
0,000210518250905443; 5,35893134074295e-06; -7,12407948623876e-05
0,000230657643964514; 1,94885347853416e-05; -5,81154648505616e-05
0,000250972850108519; 3,54725787998178e-05; -4,46118143794592e-05
0,00027154878488509; 5,36338743171656e-05; -3,46478387305978e-05
0,00029240538214799; 7,4144216917921e-05; -3,01942079968284e-05
0,00031345953856362; 9,78157544392163e-05; -3,15827416081446e-05
0,000334754828899167; 0,000123588200251106; -3,73644038976635e-05
0,000357261059456505; 0,000149038873810787; -3,99548895715269e-05
0,000381029821536503; 0,000171316116710659; -3,88205466966609e-05
0,000406289220484905; 0,000189930802083109; -3,428434341331e-05
0,000433274728688411; 0,000206336063321214; -3,03887485701124e-05
0,00046196263867896; 0,000222227903374005; -2,97428790305274e-05
0,000491616844967939; 0,000238954523933353; -3,3733273524558e-05
0,00052171608293429; 0,000256926211359678; -4,19343906512948e-05
0,000552417187415995; 0,000275773434067378; -5,29150178364942e-05
0,000583923000982031; 0,000294378385110759; -6,5014746255474e-05
0,000616550535801798; 0,000311554453754798; -7,57895113376433e-05
0,00065059008076787; 0,000325957982544788; -8,34613539336713e-05
0,000685416280385107; 0,000337053561396897; -9,12998577288816e-05
0,000721172772161663; 0,000345287214848213; -9,86874436086507e-05
0,00075704123537289; 0,000351908971322701; -0,000110084939672379
0,000793361249903683; 0,000356536639877596; -0,000124101034394698
0,000829653562651947; 0,000360217441618443; -0,000141829388070619
0,000865511078760028; 0,000367327960836702; -0,000162170980829978
0,000901217051758431; 0,000376279026502744; -0,000185339771554572
0,000936877299341722; 0,000387690398585983; -0,000208882991207065
0,000971949863518239; 0,00040005252538249; -0,000231521007377887
0,00100658461567655; 0,000413831618404948; -0,00025403609239147
0,00104089541014109; 0,000427124222338899; -0,000276485045437584
0,0010741458867531; 0,000441449502954493; -0,000301979818267864
0,00110659247463627; 0,00045659098601318; -0,00032968835500942
0,00113852111310407; 0,000474769681628096; -0,00036211469717382
0,00116948045366735; 0,00049543933190289; -0,00040005293583672
0,00119872659715766; 0,000518313792446862; -0,000442149647886981
0,00122532900242659; 0,000542223045922584; -0,00047849116975849
0,00124972066965129; 0,000567588005849394; -0,00051249120120483
0,00127210992237378; 0,000594593113259181; -0,000544632695845212
0,00129248644722102; 0,000623584352672334; -0,000576064327990752
0,00131083974837384; 0,000654435455094791; -0,000606376206790446
0,00132652392494201; 0,000689834561507451; -0,000642310760813416
0,00133949160129123; 0,000731810998934089; -0,000685660561799886
0,00134977461701201; 0,000779450958321105; -0,000735242977601592
0,00135705443938787; 0,00083294516670867; -0,000790586560065276
0,00136181427349511; 0,000892735725716922; -0,000849268483757623
0,00136363737464708; 0,00095840734706144; -0,000909208023545216
0,00136209883930569; 0,00103074499541544; -0,000968578113373951
0,00135983139843738; 0,00111234713899321; -0,00102813364090107
0,00135580534240871; 0,00120232922996511; -0,00108808710224985
0,00135551727405109; 0,00130123608868453; -0,00115536800522532
0,00135700605302991; 0,00140895751473145; -0,00122785906009667
0,00135940172664414; 0,00152671156664728; -0,00129998444280063
0,00136181157016836; 0,00165721700785798; -0,00136700946061465
0,00136309834118292; 0,00180136701359297; -0,00142994631635665
0,00136185077480914; 0,00195845652311691; -0,0014922551232652
0,00135730325446057; 0,00212740629636101; -0,00155277255569526
0,00134757441745314; 0,00230891393677448; -0,00161160544994345
0,00133073054643173; 0,00250450584741193; -0,00167064962400764
0,00130558759345149; 0,00272528331624926; -0,00172726165929635
0,0012726777443575; 0,00296722207683488; -0,00178171000369766
0,00123537137079693; 0,00323649905908969; -0,0018326956175646
0,00119293188005977; 0,00352759045396815; -0,00187991183881823
0,00114268414807448; 0,00383181003188365; -0,00192768575409718
0,00108704797794635; 0,00414643815992749; -0,00197292949970288
0,00102656055802654; 0,00447633214279195; -0,002016485536439
0,000960471692334978; 0,00482045817255858; -0,00205805323999084
0,000886497386018164; 0,00518121947423206; -0,00209989450031717
0,000803177531101393; 0,00555861059845775; -0,00214355420992652
0,000705905164263096; 0,00594466917717946; -0,00218997268093808
0,000593296511893278; 0,00634475953156944; -0,0022496950423083
0,000466363150495455; 0,00675773260440328; -0,00231846030969464
0,00032616669094714; 0,00717729611698888; -0,00240040005094779
0,000174663502231125; 0,00759725135614281; -0,00249143599333766
1,10720404220057e-05; 0,0080110120868485; -0,00258160369936086
-0,000162968015778459; 0,00841671408853145; -0,00267247976751823
-0,000355192314749; 0,0088093654386641; -0,00276222279696667
-0,00056242650123604; 0,00919079459428904; -0,00285076728308632
-0,000789823252984205; 0,00956354201526265; -0,00294140398704622
-0,00104170937770104; 0,00992516003200435; -0,00304276739219495
-0,00132206043441256; 0,0102692513733578; -0,00315240917767806
-0,00163012185737316; 0,0105838063773059; -0,00326867670301872
-0,00196482655803848; 0,0108730946080003; -0,00339101258506707
-0,00232292532405409; 0,0111340244894906; -0,00352186129598704
-0,00270242551179545; 0,011361652962392; -0,0036652945136273
-0,00310274770898104; 0,0115496715813701; -0,0038235036381433
-0,00352457837410911; 0,0116920736540749; -0,00400038414264272
-0,00396966774169414; 0,0117865384051169; -0,00419800389553711
-0,0044396493709035; 0,0118321933729982; -0,00441634277504345
-0,00493373302708205; 0,011826412017952; -0,00465398723689432
-0,00545013028627436; 0,0117689971797343; -0,00491454692571133
-0,00598447915317083; 0,0116576753017551; -0,00519951777875249
-0,00653270527181158; 0,0114888677807467; -0,00551325074435153
-0,00708955179974728; 0,011254914388695; -0,00586519179524912
-0,00765684257615067; 0,0109593923877634; -0,00625277770224202
-0,00823293098880968; 0,0106020624504017; -0,00667848846260749
-0,00881746140810138; 0,0101891699214873; -0,00713500868951378
-0,0094081023204868; 0,00972243276781519; -0,00761909857994469
-0,0100027098335064; 0,00920545836679521; -0,00813172098733193
-0,0106050292590313; 0,00864115918912576; -0,00867748919644218
-0,0112120782199869; 0,00803579121762305; -0,00925964442441181
-0,0118172950776556; 0,00739503224173677; -0,00987996850143244
-0,0124173152272328; 0,00672090281571145; -0,0105400689901056
-0,0130070933967043; 0,00601866812627414; -0,0112356217939901
-0,0135810413637752; 0,00529172145989142; -0,0119604767910991
-0,0141352221172332; 0,00455842823547428; -0,0126905693213601
-0,014671727676547; 0,00381284849626827; -0,0134378282985155
-0,0151931421459565; 0,00306078919759602; -0,0141944668320735
-0,0157017514924839; 0,00230644739325508; -0,0149554839213466
-0,0161975734380802; 0,00155362316696555; -0,0157183409255376
-0,0166804129541124; 0,000809392050787575; -0,0164929906733072
-0,0171502029279858; 7,10834914643791e-05; -0,0172786752152286
-0,0176085490585392; -0,000657054715213598; -0,0180759459024615
-0,0180514673310827; -0,00136997850550688; -0,0188771521141432
-0,0184748456096248; -0,00206272395169944; -0,0196793278819852
-0,0188834421962878; -0,00273661768629099; -0,020485094952237
-0,019276276232567; -0,00339182041234453; -0,0212959237282717
-0,0196577534561308; -0,00403173199891462; -0,0221180883743713
-0,0200283778447396; -0,00465905234790989; -0,0229506849996949
-0,0203888301542174; -0,0052699304211128; -0,0237961271691631
-0,0207422974814283; -0,00585872654102859; -0,0246547990674939
-0,0210888253967307; -0,00642108471304527; -0,025514285652354
-0,0214277843703952; -0,00695914955773042; -0,026379626111823
-0,0217537555646064; -0,00746879512385349; -0,0272463962526788
-0,0220627436599083; -0,00795139500343357; -0,0281205249617895
-0,0223541551262868; -0,00841242764489143; -0,0290133196913084
-0,0226276887628454; -0,00885637013041996; -0,0299325353910884
-0,022880314171096; -0,0092846949100669; -0,0308627785856864
-0,0231174731664447; -0,00969554780328763; -0,0317982237674616
-0,0233459429050359; -0,0100877603005094; -0,0327373041819461
-0,0235701644205459; -0,0104616749287641; -0,0336814278949954
-0,023792533914317; -0,0108208452096849; -0,0346339247783908
-0,024013596637905; -0,0111688160959922; -0,0355999441749969
-0,0242303371772432; -0,0115050103539543; -0,0365808628530154
-0,0244358812841325; -0,0118244830898533; -0,0375733099071512
-0,0246273261447583; -0,0121238072631124; -0,0385767257485102
-0,024804041003398; -0,0124016245196399; -0,0395901243631582
-0,0249668135734304; -0,0126600237846782; -0,0406106901826482
-0,0251212191336294; -0,0129038173733337; -0,0416342214377102
-0,025269572992521; -0,013133394454018; -0,042663169516137
-0,0254124790952861; -0,0133493679502339; -0,0436996708788065
-0,0255518337627669; -0,0135511344722414; -0,04474452138966
-0,025685355083106; -0,0137369720329123; -0,0457956706977187
-0,0258144714868307; -0,0139071234451781; -0,0468513215906947
-0,0259361526110297; -0,0140605584092264; -0,0479087149038299
-0,0260484589743923; -0,0141945423406956; -0,0489698264247417
-0,0261514956468687; -0,0143098676006368; -0,0500374433165387
-0,0262455688387534; -0,0144079952523753; -0,0511136555283592
-0,02633097631399; -0,014489263947896; -0,052198296004589
-0,0264085818023683; -0,0145521621990891; -0,0532891811488109
-0,026480488752175; -0,0145961740674044; -0,0543879383350926
-0,0265461149851006; -0,0146200555875141; -0,0554939045005041
-0,0266061688451649; -0,0146229043801141; -0,056608004396953
-0,0266602775434993; -0,0146046947950905; -0,0577307937598932
-0,0267091979532939; -0,0145642857492028; -0,0588625355530966
-0,026754676120347; -0,0144988101852767; -0,0600037387011369
-0,0267988538444362; -0,0144049343477294; -0,0611531914620747
-0,0268438795221708; -0,0142796192818263; -0,0623063929310446
-0,0268919815207628; -0,0141200779369625; -0,0634588688260613
-0,0269425433199707; -0,0139244913552131; -0,0646120306881173
-0,0269953435160132; -0,0136906660618086; -0,0657726258793234
-0,0270512333616585; -0,0134165967240406; -0,0669402319577202
-0,0271121272186778; -0,0130987563890463; -0,0681155312743008
-0,0271805430965585; -0,0127344075883448; -0,069298952074282
-0,0272554217511002; -0,0123186278559559; -0,0704852128951432
-0,0273380438477005; -0,0118528700387047; -0,0716630595546128
-0,0274375400527642; -0,0113413403559069; -0,0728282391990738
-0,0275565348258562; -0,010782820025197; -0,0739780353120091
-0,0276931870845525; -0,010172553044447; -0,0751126854726899
-0,0278457301553775; -0,00950509999659262; -0,0762335990500782
-0,0280131697419594; -0,00877726505343453; -0,0773466767430742
-0,0281963518100412; -0,0079860943518288; -0,0784579087780585
-0,028394659534251; -0,007119389991957; -0,0795747247851541
-0,0286091066785826; -0,00617238438305794; -0,0806949972977309
-0,0288397767200862; -0,00514592891191714; -0,081810196043711
-0,0290818774117943; -0,00404762264622259; -0,082915048796407
-0,0293278744382697; -0,00288347602596623; -0,0840178267974726
-0,0295721655535017; -0,00165070874182857; -0,0851311551460676
-0,029812769260307; -0,000343170422973343; -0,0862627281737485
-0,0300523421376565; 0,00104244236008381; -0,0874160239748919
-0,0302915284712712; 0,00250686238982599; -0,088586849018521
-0,0305302987504256; 0,00404911728799925; -0,0897584258208895
-0,0307647718580469; 0,00565081366621307; -0,0908908480433951
-0,0309953650049487; 0,00730732161149499; -0,092014181181186
-0,031224497791953; 0,0090165536320943; -0,0931518560885306
-0,0314539990886318; 0,0107787950584258; -0,0943209762571525
-0,0316761543763598; 0,0126032678406627; -0,0955293265817192
-0,0318905672276713; 0,0144877982540347; -0,0967575113360566
-0,0320947681332851; 0,0164163557351276; -0,097976875656945
-0,0322823394942534; 0,0183765068712703; -0,0991827657578891
-0,0324632027123153; 0,0203502901566622; -0,100395925816122
-0,0326513552816206; 0,0223203875563864; -0,101633850086949
-0,0328499759797152; 0,0242907108896587; -0,102915363677064
-0,0330577383259981; 0,026267892251123; -0,104241968303142
-0,0332716042247863; 0,0282632994756044; -0,105608880439118
-0,0334801158810355; 0,0302808507785492; -0,107017267640147
-0,033673542903355; 0,0323112959996506; -0,10845723916959
-0,0338507473309961; 0,0343299341714999; -0,109946080848286
-0,034023204436063; 0,0363233842063171; -0,111516580289809
-0,034199343315934; 0,0382922789037053; -0,113167120910392
-0,0343807699844911; 0,0402464424047794; -0,114887442134027
-0,0345681518814439; 0,0421935506839829; -0,116676634793184
-0,0347623752295127; 0,0441377593473473; -0,118532628016869
-0,034965086901866; 0,0460791691380844; -0,120453619855343
-0,0351683307528932; 0,0479859051163949; -0,122451378232436
-0,0353752164347708; 0,0498525281582086; -0,124526892212723
-0,0355840364874195; 0,051690047195222; -0,126666214917295
-0,0357951014685474; 0,0535073172625911; -0,128862818761359
-0,0360100450658443; 0,0553140825619164; -0,131102891085236
-0,0362225079729134; 0,0571112028931791; -0,133373426557766
-0,0364301707837818; 0,0588935952281521; -0,135679840699022
-0,036637023989603; 0,0606436311228492; -0,138031662181698
-0,0368429110489757; 0,0623428542620212; -0,140432459593992
-0,0370452639168274; 0,063988502180489; -0,142880539421915
-0,0372431199333019; 0,0655903892792238; -0,145371631329434
-0,037435027234492; 0,0671724652379577; -0,147902669576977
-0,0376186872134655; 0,0687346250169154; -0,150473343865745
-0,0377919288485224; 0,0702819834910857; -0,15308368079729
-0,0379530393689027; 0,07181319030085; -0,155733405343859
-0,0380990312329755; 0,0733231134974689; -0,158422010091113
-0,0382295678488415; 0,0748091795229994; -0,161144912923043
-0,0383497355084546; 0,0762702864790394; -0,163900918641352
-0,0384646941859129; 0,0777015151458269; -0,166682766653757
-0,0385735632978409; 0,0790961633900937; -0,169489956334888
-0,0386707942642475; 0,0804467118504632; -0,1723248371553
-0,0387457638651511; 0,0817459569584171; -0,175192172272658
-0,0388012802921788; 0,0829986576009484; -0,178087652123623
-0,0388380349078012; 0,0842102590050839; -0,181011775511157
-0,038855846372337; 0,0853842100877955; -0,183958260009586
-0,0388544029601995; 0,0865226211396104; -0,186922913930463
-0,0388326922194421; 0,0876249424581823; -0,189906095209366
-0,0387877354332741; 0,0886879337845195; -0,19290850286796
-0,0387173425988964; 0,0897082393249671; -0,195935301938545
-0,0386208888584661; 0,0906847313253733; -0,198985914075762
-0,0384978202717466; 0,0916172211683297; -0,202061735528099
-0,0383482858876028; 0,0925058041244105; -0,205166987532264
-0,038174793049923; 0,093350871760369; -0,208301466182255
-0,037977682013312; 0,0941560928434192; -0,211467277977747
-0,0377533787864115; 0,0949206332765927; -0,214658693660676
-0,037498547009661; 0,095643903996126; -0,217871802790093
-0,037210440123381; 0,0963271349200222; -0,221109631859636
-0,0368878597866191; 0,0969688862653042; -0,224371312889332
-0,0365301508370409; 0,0975650417426543; -0,227656325760108
-0,0361361136998777; 0,098111173987604; -0,230970441246152
-0,0357048283759475; 0,0986059782202065; -0,234323214360195
-0,035232451414704; 0,0990514252129069; -0,237718873196459
-0,0347148761038057; 0,0994493932034297; -0,241164549476022
-0,0341444300514209; 0,0998064244676207; -0,244658569911731
-0,033520952304147; 0,100123160940054; -0,248199324419707
-0,0328431910452345; 0,100397404104896; -0,251787508414793
-0,032111980402944; 0,100630825480534; -0,255428540649122
-0,0313276655388326; 0,10082954717924; -0,259133966421688
-0,0304918464233604; 0,101000491395377; -0,262910392531854
-0,029604761662861; 0,101149562785594; -0,26675517902732
-0,0286659280096966; 0,101282773292664; -0,270668010483283
-0,0276750296039536; 0,101406447140762; -0,274654406146801
-0,0266306743344496; 0,101526201242133; -0,278717237984235
-0,0255295538364356; 0,101650081430335; -0,282858142503692
-0,0243756730354012; 0,101784138995776; -0,287078444954843
-0,0231701795800385; 0,10193746494244; -0,29137710834204
-0,0219151443890267; 0,10211532142355; -0,295759891034252
-0,0206122098191787; 0,102321309331531; -0,30022262719133
-0,0192621666378661; 0,102563086224109; -0,304759258314056
-0,0178626271470944; 0,102848111302202; -0,309363220107139
-0,0164131202734745; 0,103181437945942; -0,314030743911941
-0,0149090715452941; 0,103568580841139; -0,318760635653712
-0,0133442509882239; 0,104011783981969; -0,323560509500976
-0,0117167623192334; 0,104514763986255; -0,328446358750833
-0,0100351227857609; 0,105092151395202; -0,333415236788066
-0,00830344000911861; 0,105750083067274; -0,338463631870915
-0,00653007423811065; 0,106494045234512; -0,343585735994644
-0,00472209834168022; 0,1073278166198; -0,348773882535662
-0,00288399677660488; 0,108254484862945; -0,35402110392855
-0,0010192435191391; 0,109275877299305; -0,359322171132328
0,000868511869609966; 0,110393212381931; -0,364678465100189
0,00277522028742535; 0,11160786536879; -0,370095680364527
0,00469754556697156; 0,112923432118696; -0,375576705241259
0,00663213439638205; 0,114343668585556; -0,381119400847508
0,00857558638804187; 0,115873154167406; -0,386719310791345
0,0105120659827226; 0,11751669088265; -0,392350368517687
0,0124406361410191; 0,119274719126167; -0,39800767307783
0,0143609415008308; 0,121145245879568; -0,403687536611702
0,0162737584951712; 0,123119712017191; -0,409388537815257
0,0181826451011206; 0,125199659499276; -0,415112667067142
0,0200793767717696; 0,127359298725211; -0,420858221465637
0,0219549467952777; 0,129597741618572; -0,426638511004337
0,0238156836880982; 0,131916874922666; -0,432448667350199
0,0256540626067174; 0,134315521716961; -0,438277919186934
0,027474390780952; 0,136792997796758; -0,444129068011078
0,0292769172963774; 0,139335771727521; -0,449999990878781
0,0310630787806498; 0,141947327862674; -0,455890353042909
0,032826626050353; 0,144612112110882; -0,461794482452449
0,0345708966280829; 0,147334315164451; -0,467712847590222
0,0362904584125005; 0,150098244163493; -0,473641461015391
0,0379880699929927; 0,152908176489308; -0,479579804012945
0,0396615899080382; 0,155759294387867; -0,485532014835396
0,0413091533689556; 0,158638689847494; -0,491507384480801
0,0429323096099863; 0,161550256127358; -0,49750038715975
0,0445274851553521; 0,164487769815599; -0,503513535574588
0,0460920992431435; 0,167447237174521; -0,509544638759157
0,0476280672313675; 0,170429679794208; -0,515592361535141
0,0491312845489796; 0,173427520334354; -0,521654260758069
0,0506065173845418; 0,176439324050065; -0,527726336391524
0,052053275826617; 0,1794652503711; -0,533808285044509
0,0534703457271011; 0,18250123163808; -0,539906908843792
0,0548554071048362; 0,185546444584202; -0,546025172907734
0,0562070468633348; 0,188602672853501; -0,552163203006608
0,0575277699831611; 0,191671632388077; -0,55831460513559
0,0588176813878614; 0,194751472191763; -0,564479980648923
0,0600806900930911; 0,197842736403557; -0,570655806468791
0,0613199947239977; 0,200943197021953; -0,576841834945345
0,062534696919375; 0,204052353863028; -0,583037244229255
0,0637221756782179; 0,207165017001162; -0,589240555318058
0,0648787452266173; 0,210283010663517; -0,595450143481154
0,0659977094804315; 0,213407120616262; -0,601671109862856
0,0670753369445185; 0,216534988707426; -0,607903663091714
0,068109842662423; 0,219666522335791; -0,614147561735017
0,0691009721163515; 0,222795875763422; -0,620402605455593
0,070044906576784; 0,225924339606013; -0,62666313067821
0,0709433654186752; 0,229051337653742; -0,632930161815978
0,0717916610541084; 0,232179625876906; -0,639206011864016
0,0725913445732644; 0,23530788138911; -0,645489278014345
0,0733389255504968; 0,238435111335135; -0,651791083955855
0,0740355751693918; 0,241559786762803; -0,658111398988802
0,0746800575455214; 0,244681102706172; -0,664454352104253
0,0752746599087812; 0,247800983239215; -0,670821268905784
0,0758207422628213; 0,250918914633692; -0,677208667282594
0,0763156953755737; 0,25403752002549; -0,68362055652696
0,0767559100919199; 0,257159865344217; -0,690062043071617
0,077132715229466; 0,260289845029899; -0,696536087960578
0,0774494209589815; 0,263426045145531; -0,703041434255565
0,0776934181950259; 0,266540756799333; -0,709599974268748
0,0778694616179942; 0,26964314300571; -0,716205165703417
0,0779610753835033; 0,27274318369723; -0,722876514336039
0,0779676294674777; 0,275846982365654; -0,729606931538202
0,0778872436592792; 0,278960250220104; -0,736394107287194
0,0777171071379707; 0,282079832218465; -0,743237749889804
0,0774563429344533; 0,285174266822735; -0,750150755743743
0,0771175479450176; 0,288259876016475; -0,757109478118826
0,0766936517534516; 0,291339390316029; -0,764095268289305
0,0761999741988751; 0,294521676691266; -0,771115867056753
0,0756325059718772; 0,297769769890472; -0,778172915746822
0,0749989095356461; 0,301123196760652; -0,785286462156774
0,0743340137154766; 0,304485243411671; -0,792485301086356
0,0736244577666541; 0,30788574713447; -0,799760024221041
0,0728991550917359; 0,311299725609278; -0,807129016425755
0,0721710263654037; 0,314738163051236; -0,814589558938934
0,0714424025651271; 0,318209828556777; -0,822127184622528
0,0707111754970654; 0,321722354004456; -0,829739539298703
0,0699749892287742; 0,325280300940719; -0,837430030198433
0,0692332394271769; 0,328884077375749; -0,845195202094104
0,0684887377700274; 0,332538761933736; -0,853030731667115
0,0677552913588734; 0,336247168146138; -0,860916911243679
0,0670245421432046; 0,340010457665758; -0,868862866092255
0,0663185455928469; 0,343828619918734; -0,87688080834923
0,0656261457128188; 0,347704130744917; -0,884967238354709
0,0649568758741516; 0,351647441026027; -0,893133539549782
0,064315881211622; 0,355653725855477; -0,901377155330303
0,063707078444041; 0,35973394227465; -0,909693674705198
0,063134141123385; 0,363889302805933; -0,918080612431982
0,0626013852890377; 0,368128220767126; -0,926542042288449
0,0621145396611275; 0,372446444567857; -0,935074599669888
0,0616744605333923; 0,376842622294318; -0,943684684991601
0,061299051658457; 0,381307955865824; -0,952366172034552
0,0609767054489843; 0,385846714971698; -0,961119251360753
0,0607250291766453; 0,390436702964414; -0,969935977477338
0,0605381449055538; 0,395082082715811; -0,978810353721931
0,0604126138261956; 0,399781615894689; -0,987735267972949
0,0603436601879337; 0,40453513234469; -0,996700157323232
0,0603269971889531; 0,409342243243853; -1,00569681998143
0,0603630074672313; 0,414198063094489; -1,01471851373389
0,0604544355365186; 0,419097222100739; -1,02375283516248
0,0606052661967958; 0,424028839840012; -1,03281290470833
0,0608166471354983; 0,428986704597861; -1,04190163737088
0,0610875544014532; 0,433967006358219; -1,05102341865871
0,061412571672906; 0,438976707988168; -1,06016532031992
0,061792432221098; 0,444014112167217; -1,06932996444254
0,0622243739667901; 0,44907316316106; -1,07851071241472
0,0627086549057072; 0,454150169235322; -1,08770109927752
0,0632477721386793; 0,459241674508975; -1,09689594356751
0,0638434274528204; 0,464347173572628; -1,10609399952452
0,0644968657477613; 0,469462604302313; -1,11529656620346
0,0652068723940901; 0,474589436443144; -1,12450311065388
0,0659716153387417; 0,479721782735578; -1,13371490740096
0,0667879991575406; 0,484851456560538; -1,14293065980341
0,0676545609021646; 0,489978649060061; -1,15215421282106
0,0685655521948734; 0,495107152357296; -1,16138154537705
0,0695228221505618; 0,500236016411794; -1,17061352004449
0,0705204223910841; 0,505363848413533; -1,17985211730987
0,0715513108601182; 0,51049749378247; -1,18909714344618
0,0726119703352597; 0,515628693361586; -1,19833934451875
0,0737005326311075; 0,520745135141787; -1,20757736514123
0,0748090826181491; 0,525834943490597; -1,21680910904536
0,0759402812183456; 0,530903601625183; -1,22603559715479
0,0770892354119016; 0,535956058446184; -1,23525994937368
0,0782524268163572; 0,540992862476519; -1,24448235766345
0,0794258193523652; 0,546009089976904; -1,25370017180248
0,0806083634950075; 0,5509985596104; -1,26290806394726
0,0818005256189644; 0,555963790747622; -1,27210823861861
0,0830016861544427; 0,56091029788737; -1,28131204479334
0,0842100741468632; 0,565837978090934; -1,29052444115828
0,0854213546366518; 0,570743424319563; -1,29974511351434
0,0866326313132798; 0,57562473973218; -1,30897343713835
0,0878409543720743; 0,580489282791148; -1,31820524893365
0,0890477728376659; 0,585334907635377; -1,32744189138291
0,090250732365562; 0,590163726465724; -1,33668110666722
0,0914510151088383; 0,594977591776667; -1,34592076695669
0,0926495863058575; 0,599777635999088; -1,35516216810082
0,0938411442197655; 0,604570063973527; -1,36441130190452
0,0950274896687449; 0,60935264181103; -1,37366630162893
0,0962077868272928; 0,614128144767188; -1,3829290684752
0,0973841478120739; 0,618900092325097; -1,39219959553256
0,0985580396338395; 0,62367189352492; -1,4014775577791
0,0997315781941957; 0,628443973333452; -1,41076290719472
0,10090466712724; 0,633216722271306; -1,42005781868623
0,102076241546633; 0,637993176112027; -1,42936815802456
0,103247758904778; 0,642774808146775; -1,43869666108789
0,10442160039205; 0,647561342574522; -1,44804241919818
0,105597281707302; 0,652353042644955; -1,45740346474576
0,106771689936481; 0,657152083001687; -1,46677854990218
0,107942472104603; 0,661960384285188; -1,47616627903064
0,109111756399713; 0,666776394907577; -1,48556660863613
0,110282542048758; 0,671599084323173; -1,4949832554177
0,111458955406651; 0,676427119002287; -1,50442064337439
0,112643337513463; 0,68125693669102; -1,51387955776832
0,113834651692989; 0,686087462153338; -1,52335791093118
0,11503100152101; 0,690919864881265; -1,53285328247034
0,116229320047234; 0,69575791153771; -1,54235952512258
0,117425850438108; 0,700598720049503; -1,55187040199795
0,118619335113905; 0,705443892963143; -1,56138130458864
0,119811199025231; 0,710297189906606; -1,57089518800127
0,120999506475296; 0,715155732448102; -1,58042494335744
0,122182198273289; 0,720016682078287; -1,58997831553418
0,123364135067069; 0,724882991921954; -1,59953867081006
0,124543285487874; 0,729748573975026; -1,6091089945813
0,125720625610658; 0,734612025549431; -1,61868755278712
0,126898360393397; 0,739472357778688; -1,62827110226243
0,128075955691512; 0,744325926155277; -1,63785887120958
0,129251679824854; 0,749169624543976; -1,64745182046048
0,130426467405548; 0,754004276879906; -1,65704924300626
0,131601340965732; 0,758831879458221; -1,66665182795913
0,132777263398559; 0,763652941720193; -1,67625658487899
0,133952046134279; 0,768465715559566; -1,68585721346874
0,135126915289162; 0,773269258613867; -1,69545880890523
0,136301871729092; 0,778063702198461; -1,70506272121614
0,137476565901152; 0,782849041137058; -1,71466875113899
0,138650262910398; 0,787625967900775; -1,72427576784513
0,139822751380617; 0,792397923400748; -1,73388262277953
0,140993708661574; 0,797170751851721; -1,74348491410496
0,142164382849247; 0,801948299719678; -1,75307530641333
0,143335039532257; 0,806731449485285; -1,76264989659084
0,1445054911104; 0,811517863305175; -1,77220836500462
0,14567707305183; 0,816304923042439; -1,78175118643397
0,146847927552366; 0,821092051355616; -1,79129532960041
0,148016892335706; 0,82588485356273; -1,80084665859517
0,149184512802315; 0,830689103128906; -1,81041025775815
0,15035169191313; 0,835505257592624; -1,81998531744443
0,151518701081359; 0,840327018627181; -1,82956505929386
0,152685065643038; 0,845143431846629; -1,83914071748591
0,153849042163973; 0,849945691570133; -1,84870657929861
0,155011692347637; 0,854733064509084; -1,85826459566075
0,156172504647597; 0,85950923646384; -1,86782213656819
0,157330874390845; 0,864280754909635; -1,87738332774761
0,158484418954907; 0,869053661147511; -1,88695097993614
0,159628172070815; 0,873838338260021; -1,89653480197855
0,16076460586524; 0,878628791750671; -1,90613331963478
0,16189179593517; 0,883416420706379; -1,91574845122968
0,163009391197699; 0,888199938466266; -1,92538495711427
0,164119263567243; 0,892985414711823; -1,93504558239388
0,165221365654757; 0,897777835431468; -1,94473186373585
0,166314484268418; 0,902577791351307; -1,9544377535598
0,167397150392897; 0,907383888708363; -1,96415364542014
0,16846598848603; 0,91219546437377; -1,97387311093581
0,169519967602412; 0,917013231837103; -1,98359270456729
0,170558479153286; 0,921837829879107; -1,99331177692354
0,171581942500544; 0,926682679365837; -2,00304091551296
0,172589938099755; 0,931547184282885; -2,01278275465227
0,173583151099607; 0,936432419415988; -2,0225429602003
0,174563446470574; 0,94133724769628; -2,03232699098101
0,175532552324163; 0,946260024061642; -2,04213696122257
0,176492444165054; 0,951199567525758; -2,05197452108478
0,177446090364535; 0,956154748163378; -2,06183336847467
0,178392926892047; 0,961121744050172; -2,07170599178543
0,179330224218449; 0,966096911459212; -2,0815835732415
0,180258328650825; 0,971081949132186; -2,09145638649349
0,181177220332259; 0,976078643213916; -2,10132146054118
0,182092130986685; 0,981084842603694; -2,11119192774779
0,183005211455162; 0,986096185382577; -2,12107658649333
0,183918459535672; 0,991108553903846; -2,13098074111352
0,184834466122728; 0,996116958712699; -2,14090478685718
0,18575282069637; 1,00111504831164; -2,15084596451429
0,186672903959031; 1,00610173916191; -2,16080079738467
0,187594133405088; 1,01108174571746; -2,17076589087539
0,188514841754411; 1,01606129673371; -2,18073981166573
0,189432181499244; 1,02104362465459; -2,19072169982981
0,190344589575232; 1,0260285763406; -2,2007130459248
0,191257253851122; 1,031016655602; -2,21072306800089
0,192174703922754; 1,03600883475994; -2,2207518733766
0,193100967720823; 1,04100542016462; -2,23079789776528
0,194035063122181; 1,04600249252192; -2,24085845129128
0,194970795916588; 1,05099486020731; -2,25093142715467
0,195903563555682; 1,05598365416229; -2,26101179238393
0,196833276433937; 1,0609764909286; -2,27109496014108
0,197758989117169; 1,06598463997858; -2,28118626489764
0,198679699742104; 1,07101389293034; -2,29128661366254
0,199596220561353; 1,07606601656504; -2,30139474429549
0,200511218050538; 1,08113912400449; -2,31150846759017
0,201428084969372; 1,08621416406495; -2,32162226889568
0,202349051204542; 1,09128700363149; -2,33173360731525
0,203275742319625; 1,09635286492561; -2,34184111312202
0,204208754189147; 1,10140999575829; -2,35194876072583
0,205147989018649; 1,10646271012838; -2,36206449710731
0,206092981543401; 1,1115181351407; -2,37219404501133
0,207041700754131; 1,11658045283987; -2,38234197447184
0,207992203912415; 1,12165041004607; -2,39250989508509
0,208943641689597; 1,12672467927131; -2,402689885776
0,209897142030936; 1,13179994698555; -2,41288013891487
0,210853374255615; 1,13687364875717; -2,42307449711653
0,211813192307923; 1,14194475835013; -2,43325976402754
0,212778393804436; 1,14701604744598; -2,44343418706348
0,213745908233672; 1,15208782208838; -2,45360019995258
0,214715056917773; 1,15716194000149; -2,46376093841922
0,215686028440899; 1,16224273192733; -2,47392091030792
0,216658778953124; 1,16733110607863; -2,48408381388729
0,217631599431889; 1,17242280196661; -2,49425091760715
0,218604152142702; 1,17751286628487; -2,50442146203679
0,219576777402114; 1,18259729416231; -2,51459486222676
0,220552612203755; 1,18767436119301; -2,52476894196444
0,221533866187057; 1,19274131699981; -2,53494090009527
0,222518950321805; 1,19779637694848; -2,54510957554724
0,223506851641217; 1,20284516115875; -2,55527687561802
0,224494938225928; 1,20788930344217; -2,56544537294326
0,225481564782129; 1,21292967057097; -2,57561905077001
0,22646664598065; 1,2179669286023; -2,58580048455151
0,227450384205964; 1,22300054508543; -2,59599274404301
0,228432415606547; 1,22803096537175; -2,6061937738424
0,229412969984941; 1,23306049780563; -2,61639984175569
0,23039161656152; 1,23808966572851; -2,62660636849007
0,231367019465531; 1,24312173162698; -2,63680250979795
0,232340268838638; 1,24815695745461; -2,64699080844457
0,233312014348281; 1,25319521058828; -2,65717580185699
0,234282890748721; 1,25823559145912; -2,66736442756473
0,235253112655564; 1,26327688670606; -2,6775614678727
0,236224047710118; 1,26831835309925; -2,68777313509847
0,237196120731451; 1,27336039968541; -2,69800229937166
0,238169171385886; 1,2784046706507; -2,70824825767371
0,239142064653698; 1,28345120865108; -2,718503231939
0,240114540720032; 1,28849999034613; -2,72876050543856
0,241087698971864; 1,29355117824641; -2,73901491127327
0,242061791590438; 1,29860412135223; -2,74926175467638
0,243035533304867; 1,30365973534535; -2,75950777539895
0,244009243962027; 1,3087208372496; -2,76975469083343
0,244982764769519; 1,31378948218255; -2,78000341234964
0,245957390660704; 1,31886691223218; -2,79025272920682
0,246934400940778; 1,32395321069634; -2,80049668511538
0,247915612179499; 1,32904664139418; -2,81073105152265
0,248900981813004; 1,3341435585411; -2,82095609695371
0,24989111433763; 1,33924018798618; -2,83117578592508
0,250883835528673; 1,34433451800738; -2,8413983631691
0,251878075732819; 1,34942790641335; -2,85163074631697
0,252872985713986; 1,35452287849612; -2,86187959039762
0,253865712465117; 1,35962439107096; -2,87214353686028
0,254857421748851; 1,36473045869907; -2,88242177429202
0,255848493150311; 1,36984265911817; -2,89269579954407
0,256838702727399; 1,37496043999979; -2,90297164443633
0,257829600759588; 1,38007323119891; -2,91322929595075
0,258821726668217; 1,38517219602498; -2,92347294716039
0,259814561619125; 1,39026145079212; -2,93370334469537
0,260808587357633; 1,39534037647516; -2,94392889163975
0,261803659190486; 1,40041381101734; -2,95415819434965
0,262799975226015; 1,40548020395433; -2,96438750766853
0,263795875832996; 1,4105525433828; -2,97463640088746
0,264790500839035; 1,41562902656789; -2,98490124964172
0,265782415988958; 1,42070711167027; -2,99517897587815
0,266771516474003; 1,42578362652787; -3,00546471704388
0,267758159150438; 1,43085578732738; -3,01575295262878
0,268742717198939; 1,43592482015663; -3,02604590476779
0,269726322581466; 1,44099022349272; -3,03633723796559
0,270709522453944; 1,44605826576392; -3,04663458426029
0,271690612647401; 1,45113113599142; -3,05694143377986
0,272668234445275; 1,45621069795788; -3,06725870699583
0,273643663147893; 1,46129724762011; -3,07758411431798
0,274618642771423; 1,46638871100265; -3,08791451051332
0,275594623258825; 1,47148075231871; -3,09824460641404
0,276571958784717; 1,47656849668834; -3,1085721726147
0,277552247357541; 1,48165169240801; -3,11889611757349
0,278536096554172; 1,48673230981953; -3,12921532738694
0,279522362903085; 1,49181373180637; -3,13953113780202
0,280509955302793; 1,49689978073897; -3,14984521815485
0,28149478581409; 1,50199872126924; -3,16016369402259
0,282478347847417; 1,50710732641401; -3,17048462528039
0,283459200134988; 1,51222586535977; -3,18081100731292
0,284437531522526; 1,51735432756657; -3,19114196117649
0,285421281927997; 1,52248200054976; -3,20146988351439
0,286410108219475; 1,5276026915594; -3,21179344210247
0,287405599718958; 1,532713183953; -3,22211340148754
0,288408240309245; 1,53781447883061; -3,2324340424516
0,289418299389361; 1,54291054209417; -3,24275887957807
0,290434562003931; 1,54800614376316; -3,25309036061161
0,291455439113428; 1,55310513254102; -3,26343045430063
0,292475717396945; 1,55821284179622; -3,27377346791075
0,293497465326763; 1,56332683537401; -3,28412095769762
0,294521207660871; 1,56844530047251; -3,29445997396451
0,295546640714722; 1,57356882852215; -3,30479471974971
0,296577107062125; 1,57868422529182; -3,31511084974483
0,297612376053222; 1,58379132362213; -3,32541384852229
0,298652794557989; 1,58889426879058; -3,33571692234572
0,299696810483581; 1,59399604146423; -3,34602517306129
0,300744253874062; 1,5990990865892; -3,35634193920747
0,301793908868065; 1,60420401970498; -3,36666644133171
0,302846380985358; 1,60931019728188; -3,37699819823753
0,303900856873997; 1,61441792336105; -3,3873254695613
0,304957681622058; 1,61952704940743; -3,39765204685273
0,306017578166547; 1,62462991701793; -3,40796884581453
0,307080341657942; 1,62972902295174; -3,41827872529174
0,308145706843094; 1,63482236246325; -3,42858293955235
0,309213838446796; 1,63991158168448; -3,43888471390205
0,310282368546664; 1,64500468737861; -3,44918976912897
0,311351053714279; 1,65010319786332; -3,45949880436078
0,312419047177767; 1,65520793338877; -3,46981319604315
0,313486709293401; 1,66031899288825; -3,48013185304228
0,314554006349818; 1,66543607364409; -3,49045478678569
0,315622828726323; 1,6705581211477; -3,50077965611525
0,31669152742808; 1,67567583947124; -3,5111017864978
0,317760467106935; 1,68079243298626; -3,52142297103622
0,318828653107978; 1,68590662000785; -3,53174184546602
0,319895749392947; 1,69102097213293; -3,54205911083947
0,320960365064568; 1,69613717782773; -3,55237643346358
0,322023380419465; 1,70125652753137; -3,56269528108824
0,323085559070435; 1,70637894665034; -3,57301794954688
0,32414795620819; 1,71150409096369; -3,58334734422782
0,325213262684234; 1,71663029853059; -3,59368310704293
0,326281976417235; 1,72175371901877; -3,60402500848937
0,327353605705195; 1,72687123809157; -3,61437140354805
0,32842463844093; 1,73198817173575; -3,62471970948153
0,329496504097023; 1,73710325408956; -3,63507108789559
0,330564233982486; 1,74222500879769; -3,64542281178078
0,331628981096552; 1,74735171759206; -3,6557739270844
0,332691087929094; 1,75248197969796; -3,66612250948844
0,333752752842834; 1,75761466689362; -3,67646735658144
0,334815765701925; 1,76274836268555; -3,68680827964092
0,335881869393399; 1,76787998432459; -3,69714490263842
0,336951508621922; 1,77300645905227; -3,70747976129075
0,338025275575286; 1,77812749490864; -3,71781576411548
0,339103528742275; 1,78324438837929; -3,72815740653148
0,34018601819875; 1,78836088978772; -3,73851147235309
0,341272853502519; 1,79347570261901; -3,74887522957739
0,342364059614703; 1,79859324642988; -3,75924731783229
0,343459066971384; 1,80371043152103; -3,76962237628108
0,34455741784782; 1,80882455901872; -3,77999480710565
0,345659368879073; 1,81393492596288; -3,79036164641571
0,346764560552464; 1,81904139977063; -3,80072226604162
0,347871651375589; 1,8241446509944; -3,81107782508213
0,348980362125275; 1,82924619976832; -3,82143057256093
0,350091334502892; 1,83434803419485; -3,83178281909389
0,351203577899873; 1,8394517876982; -3,84213676850401
0,352318970970616; 1,84456193550673; -3,85249769249708
0,353437034339689; 1,84967668213938; -3,86286340695997
0,354559647279982; 1,85479301008381; -3,87323043216327
0,355686831887961; 1,85990687035851; -3,88359463168322