0,000197502393275499; 6,03293953463435e-05; -9,28324833512306e-05
0,000391195267438888; -0,000131768328137695; -4,80874441564083e-05
0,000632563736289739; -0,000304785189218818; -9,86153306439519e-05
0,000845986325293779; -0,000387194105423986; -0,00025809629354626
0,00103250741958618; -0,000363635888788848; -0,000470637925900519
0,0012107564881444; -0,000316385671030729; -0,000645795972086489
0,00136828506365418; -0,000358159390743821; -0,000766285327263176
0,00149191691540182; -0,000425309429410844; -0,000921899150125682
0,0016379046626389; -0,000417490678373724; -0,00104836945887655
0,00175235481001437; -0,000358613713178783; -0,00112096406519413
0,00181853424757719; -6,1308371368795e-05; -0,00110749222454615
0,00186168447136879; 0,000291365606244654; -0,000932780728908255
0,00191219968255609; 0,000624537055846304; -0,000551561751635744
0,00194066790863871; 0,000918620747979731; 3,97644820623205e-06
0,0019718437991105; 0,00117712739622221; 0,000623574814526365
0,00199990747030824; 0,00133434936171398; 0,00108288027229719
0,00202098289970308; 0,00151038605486974; 0,00126120345550589
0,0020453899516724; 0,00171421505277977; 0,00108466619509272
0,00207223646808416; 0,00193876119097695; 0,000658464113948867
0,00209435591707006; 0,00222435623174533; 0,000126919130561874
0,00211780466139316; 0,00245961513137445; -0,000343137775780632
0,00220635025762021; 0,00251658328110352; -0,000287078303517773
0,00232003422453999; 0,00232401062035933; -2,00699095148586e-05
0,00245730467140675; 0,00201564923161641; 0,000295723582385108
0,00261813543736935; 0,00176556715974584; 0,000358280850341544
0,00278523914515972; 0,00164797839010135; 0,000162484919419513
0,00290536013431847; 0,00166443416732364; -0,000211864659795537
0,00297506924252957; 0,00175292388419621; -0,000617362695047631
0,00303843004629016; 0,0018407894752454; -0,000937829377362504
0,00311319758649916; 0,00185392656130716; -0,00111925835371949
0,00321290151681751; 0,00176304676337168; -0,00109140379005112
0,00334027017001063; 0,0015479175071232; -0,000875257436418905
0,00343517003115267; 0,00125567775918171; -0,000814319398486986
0,00352882279548794; 0,000967469483148309; -0,000763945524813606
0,00356750514591113; 0,000763940259348603; -0,00101448157918639
0,00361050268402323; 0,000563157990109177; -0,00127256684121676
0,00362298841122538; 0,000433106112759562; -0,00160607919213362
0,00359816387761384; 0,000618403318803759; -0,00189146591466851
0,00357978615909815; 0,000802872150670739; -0,00217507468652911
0,00357061189191882; 0,0010283821891062; -0,00229457287234254
0,00352837490907405; 0,00116693584946916; -0,00227405870216899
0,00348510844691191; 0,00130758481798694; -0,00225902523496188
0,00344908911327366; 0,00132203520159237; -0,00224960528139491
0,00336639481189195; 0,00139569710823708; -0,00244951994915027
0,00328523746284191; 0,00147466457332485; -0,0026637424324872
0,00322365505213384; 0,00170346789876931; -0,00304967028845567
0,0031385077215964; 0,00194579931790941; -0,00354577267367858
0,00299591213988606; 0,00217356380890124; -0,00398837169457693
0,00277213106455747; 0,00231847150134854; -0,00375222535629291
0,00255015483649913; 0,00246382116223686; -0,00351741054852027
0,00234266846033279; 0,00262161421473138; -0,00331523649219889
0,00213932447659318; 0,00280662069912069; -0,00320052097376902
0,00193666156905238; 0,00299228039453738; -0,00308763224456925
0,00169116562756244; 0,00335736722568982; -0,00342484768305439
0,00142823363246862; 0,00391755157033913; -0,00403160262678284
0,00116161225887481; 0,00448184781591408; -0,00464936192904133
0,000872525578015486; 0,00506022983114235; -0,00523935947392602
0,00060816413315479; 0,00567278054426424; -0,00565858140413184
0,000324261454516093; 0,00626903493772261; -0,0058821631205501
5,51812874619153e-06; 0,00691218820284121; -0,00591872702876572
-0,000149323348305185; 0,00774420563946478; -0,00594327751139645
-0,000318178184679706; 0,00858020794461481; -0,00597798992705066
-0,00012526395206805; 0,00945385989616625; -0,006478056840715
5,74972812319205e-05; 0,0103327150351834; -0,00699208927166183
0,000178877334692519; 0,0112945084727835; -0,00713905527081806
0,000220282013178806; 0,0124651989049744; -0,00684801961120684
0,000159212072030644; 0,0137650666839909; -0,00647846358653624
-3,01004009088468e-05; 0,0150609895295929; -0,00631340832274873
-0,000313201490207572; 0,0162836480594706; -0,00613896493625362
-0,000752989630564113; 0,0175283920473885; -0,00596851459529717
-0,00137392127828207; 0,0188822580582928; -0,00592578313604463
-0,00213417062477674; 0,0210125839419197; -0,0057493967312621
-0,00290538014785852; 0,0231334453530144; -0,00554635520384181
-0,00345555161999073; 0,0256629472679924; -0,00524782599241007
-0,00398114992247428; 0,0279604087478947; -0,00489702341437805
-0,00467689877317752; 0,029601441443665; -0,0048172688233899
-0,00526804426626768; 0,0308423556841444; -0,00462200598150957
-0,00578850941674318; 0,0322737174190115; -0,00444440444291104
-0,00633542751835193; 0,0336996411241125; -0,00425264838442672
-0,00704342959390487; 0,0352839671529364; -0,00420696681656409
-0,00790246685908641; 0,0369207306660246; -0,0043129695794778
-0,00911898007558192; 0,0380441488034558; -0,004532221260597
-0,0105469035165152; 0,0393540732271504; -0,00549223117821384
-0,0119778585986933; 0,0406495625979733; -0,00641509488516022
-0,0133390501694521; 0,0415207550383639; -0,00760101437859703
-0,0145465626375517; 0,0418372676230501; -0,00860273428552319
-0,0157549516664585; 0,0415298045880627; -0,00887875849672128
-0,0168543209688505; 0,0408900683082175; -0,00901799070939887
-0,0184330602543196; 0,0398067794449162; -0,00898886553302873
-0,0199599658505758; 0,0386975368566345; -0,00889925425231923
-0,0218131054000696; 0,0377490070171189; -0,00900886501476634
-0,0240634434478125; 0,0366908701218199; -0,00976051534817089
-0,0267112182633719; 0,0351697127975058; -0,0105629574815976
-0,0294411676184973; 0,0326935711957049; -0,0112721541832434
-0,0321273692505201; 0,0301837391115259; -0,0119131101976382
-0,034582374151214; 0,0274565718031954; -0,0126942841272103
-0,0368274705664953; 0,0243274221278261; -0,0137936425517546
-0,0389639700012049; 0,020643715307815; -0,015145155818318
-0,0411100343422732; 0,0163747099495958; -0,0168404189060675
-0,043375969286426; 0,0117558867193293; -0,0187881231616484
-0,045790765042766; 0,00696229343186132; -0,0208186330209719
-0,0482024987594923; 0,00193534080754034; -0,0227825084637152
-0,0504939835326513; -0,00318254227866419; -0,0249648154090391
-0,0524545856373152; -0,00848230595816858; -0,027319662005757
-0,0540332697884878; -0,0140812700532842; -0,0300220850418554
-0,0551341917918762; -0,0202906494878698; -0,0334700984071242
-0,0561974490241846; -0,0264650165580679; -0,0369957599352346
-0,0571383771853289; -0,0326436680101324; -0,0407126373361097
-0,0580148203478894; -0,0384073912643362; -0,044005560905789
-0,0587143342749914; -0,0439182739995886; -0,0469411796639906
-0,0592119456263026; -0,0491043847345281; -0,0498218870471464
-0,059891943577095; -0,0539880734228063; -0,0529918429563986
-0,060433911922737; -0,0583538892411161; -0,0564742961834417
-0,0604924278188264; -0,0621685614727903; -0,0601797038625227
-0,0601654859114206; -0,0656648155592848; -0,0640666005323873
-0,0593737066019094; -0,0687039178155828; -0,0677257204364286
-0,0580544333386934; -0,0713644170307089; -0,0708989066194044
-0,056296861343435; -0,0726743539713789; -0,0723058042238699
-0,054532657735399; -0,0739301006041933; -0,0739191998849855
-0,0529385172057664; -0,0747806534462143; -0,0750823021988617
-0,0515534621704137; -0,0752163381048013; -0,0757619066844927
-0,0502392837632215; -0,0752603944542352; -0,0761111025075661
-0,0489357289898908; -0,0747022058966104; -0,0770136840204941
-0,0476312412548578; -0,0741213059204165; -0,0780501974682556
-0,0464334891218459; -0,0732496490853373; -0,0791681116382824
-0,045005714543513; -0,0719448023813311; -0,0798031179915415
-0,0432271234173095; -0,0701646305399481; -0,0800794238533126
-0,041648813583306; -0,0683144591527525; -0,0804109459678875
-0,0400718736130511; -0,0664516681211535; -0,0808589003916131
-0,0387891061085975; -0,0648113284783904; -0,0817639432038413
-0,0376379946101224; -0,0634251327591483; -0,0827610894228564
-0,0365761521685636; -0,0618669157999102; -0,0839498411054955
-0,0357565392035758; -0,0598753799276892; -0,0852280735905514
-0,035020707421354; -0,0574490047770087; -0,0857084635208593
-0,0342708340514219; -0,055020657904679; -0,0862588518048869
-0,0331550242978847; -0,0523165903764311; -0,0865376266586826
-0,0316508811194217; -0,0496121887641493; -0,0871211228269384
-0,029977724798373; -0,0472729056852404; -0,0885600229102419
-0,0282281507033622; -0,0453538009303156; -0,0908010542887495
-0,0262510774511611; -0,0436729189532343; -0,0922832310694502
-0,0245609588403022; -0,0419478325324599; -0,0931240891414927
-0,0234183021861827; -0,0401301106589381; -0,0936467240127967
-0,0227542017627275; -0,0383043454366271; -0,0941571555408881
-0,0224093668389833; -0,0367128005402629; -0,0948855107399867
-0,0222073038521921; -0,0354356592672412; -0,0960297966870712
-0,0218518039066112; -0,0342248369532172; -0,0974045107635902
-0,0209868750948226; -0,0327064613776747; -0,0986313071969197
-0,0197586157399928; -0,0308570986764971; -0,099771491822903
-0,0183671958226478; -0,0288068499939982; -0,10081707158417
-0,0169739032763755; -0,0268289010005538; -0,10164341182739
-0,0159516717720544; -0,0251958729105536; -0,102116554279928
-0,0152074811834609; -0,0237037630158011; -0,102635389988427
-0,0145962339121616; -0,0222994874196593; -0,103311887507443
-0,0141557224694407; -0,0208842639403884; -0,104093996559386
-0,0136199955124175; -0,0193505920248572; -0,104774619390373
-0,0131477587524569; -0,0177936248260085; -0,105301599328523
-0,0124946611974156; -0,0161602058785502; -0,105593420651858
-0,0116519779566443; -0,0143189973908011; -0,105938574944739
-0,0107531041506445; -0,0124613497930113; -0,106487317768042
-0,00985591417585966; -0,0106956267135684; -0,107243253377383
-0,00897913640772459; -0,00898312193923632; -0,108057116207783
-0,00816674469446298; -0,00718759072595278; -0,108744715017383
-0,00751604488526937; -0,00532998812966982; -0,109498717424576
-0,00688043049012777; -0,00336876405053774; -0,11023065016896
-0,00629706750100013; -0,00131284085684458; -0,111016876486246
-0,00570626905595419; 0,000776358715957012; -0,111858249691431
-0,00516345033829567; 0,00295272263116201; -0,112735536110704
-0,00475302791630384; 0,0053492784721311; -0,113658721906249
-0,00452952424471733; 0,00804148199385962; -0,11451642469794
-0,0045115532638738; 0,0110348317248281; -0,115052239497309
-0,00471065099409316; 0,0143143668991979; -0,115182472833549
-0,0049410036118934; 0,0178105610830244; -0,115271615081583
-0,00516701427346562; 0,0215252065879758; -0,115796884440933
-0,00544832780084108; 0,0254463580471929; -0,116439366706763
-0,00587569973489736; 0,0296714750153478; -0,11716641000763
-0,00651962510368322; 0,0341804117185529; -0,117950190001284
-0,00716511867067312; 0,0391121193987783; -0,118400784724508
-0,00789651266357396; 0,0440878942830022; -0,117990038872813
-0,00926525122544264; 0,0487979436141904; -0,117008655921672
-0,0110214019479463; 0,0535006699187215; -0,11565595950291
-0,0127839512290666; 0,0585180220229086; -0,114195330546354
-0,0144308551313588; 0,0640028771979269; -0,112792682008003
-0,015972924149246; 0,0698566219431814; -0,111802740202402
-0,017536445921869; 0,0760302540881094; -0,111349715733086
-0,019065996921272; 0,0831237086874899; -0,11157097238407
-0,0206518085958669; 0,0908416101557668; -0,111875158299808
-0,0222619389655301; 0,0987109014613088; -0,111638302498613
-0,0235606924357126; 0,106124051533407; -0,110869617679273
-0,0242533659102628; 0,112984458528226; -0,110475072630797
-0,0243705296522239; 0,119845971785253; -0,111046914116596
-0,0241637570044259; 0,127117878518766; -0,112453839884256
-0,0240261108247796; 0,134746811710065; -0,114371000037645
-0,0239544591825688; 0,142543605886167; -0,116178669587825
-0,0239028383378172; 0,15033152850694; -0,116831343353842
-0,0235991532873595; 0,156890268049901; -0,114438595951651
-0,0232392608892405; 0,162730619035428; -0,113035074503277
-0,0230219394300366; 0,168192341051763; -0,113523351990734
-0,0229740662552649; 0,173546875439351; -0,115782461905037
-0,0224683746002847; 0,179480477295583; -0,119150842272793
-0,0217836482875282; 0,18546218665666; -0,121595931046759
-0,0208746098034317; 0,190391227625078; -0,121822931741481
-0,0194629606656963; 0,194140484951204; -0,121000317310099
-0,0185452014260227; 0,1962990473432; -0,121210776318912
-0,0187252384290332; 0,196772842429346; -0,122931876828079
-0,0194831260159845; 0,196945836361265; -0,12641153161705
-0,0203451984241838; 0,19746070288471; -0,130577485610847
-0,0210394593939418; 0,198847382593667; -0,134653304268722
-0,0209139302145923; 0,200785881060874; -0,138776914824848
-0,0198664448928321; 0,202291641760385; -0,142257073571091
-0,0184357768070186; 0,202006425376749; -0,146675136436825
-0,0176423992734635; 0,200232144113397; -0,153591674913769
-0,0176233917492209; 0,198003694530344; -0,161233266343479
-0,0179695751535473; 0,196278798248386; -0,168432503690128
-0,0184819848480402; 0,195233484696364; -0,175423678507213
-0,0191088848205982; 0,194691739123082; -0,182207441081409
-0,0198837397637544; 0,194324565756833; -0,188801936258678
-0,020177503323066; 0,191890587139642; -0,196117870559101
-0,0205182132328628; 0,188405065167463; -0,203740222205524
-0,0207607412541984; 0,185302957523381; -0,210534921039944
-0,0209912458265899; 0,1829189903324; -0,216618563284283
-0,0213266550953267; 0,18142401673249; -0,221544342686539
-0,0212730788363842; 0,180282694328344; -0,225217145730858
-0,0209352136700181; 0,178920387107646; -0,228833324660663
-0,020768618278089; 0,176309188682353; -0,233065873731975
-0,0206486767175375; 0,172051272172248; -0,237741785396938
-0,0203730834292946; 0,167060285288608; -0,242452583660488
-0,0199814289080678; 0,162479235011851; -0,246890321721439
-0,0194542963820277; 0,159631475586211; -0,251032657076721
-0,0187287640589057; 0,157354477125919; -0,255055838276749
-0,017792363690096; 0,155608723986661; -0,259041074861889
-0,0166714892553864; 0,153950028646505; -0,262995328058605
-0,0152899540233193; 0,151978222656762; -0,266905425836449
-0,01379909239884; 0,149730475920951; -0,270495330740814
-0,0126108747738181; 0,147317289042985; -0,273898824800854
-0,0118675367551623; 0,144521007466828; -0,27675614242733
-0,0112137863802491; 0,1411502187734; -0,279398026217823
-0,0102199932205258; 0,137086636949098; -0,28212473010004
-0,00840463780041319; 0,132311886179959; -0,285197251190548
-0,00650264106865507; 0,127617338228738; -0,288097740461235
-0,00461785473104101; 0,123312539685285; -0,290974139322643
-0,0027267158793984; 0,1193675854092; -0,293423679669504
-0,00081267781730276; 0,115683265257394; -0,295451487948303
0,00117649011139292; 0,112049176323926; -0,297362581242924
0,00338928244833369; 0,10821581386379; -0,299281370987301
0,00582261644129176; 0,104092307317769; -0,301547061701422
0,00837112150911708; 0,0997969024663326; -0,303889829714899
0,010994946284336; 0,0954316236858722; -0,306351373394136
0,0136339410376968; 0,0910494049673435; -0,309133924742346
0,0161108361912193; 0,0866876440530178; -0,312009884913568
0,0185110145044746; 0,0825772868876812; -0,315057414670591
0,0211238866281928; 0,0784951245074627; -0,317780183752184
0,0240300806594314; 0,0743830894713756; -0,320134003211861
0,0272171526384773; 0,0703430914168712; -0,322566605706816
0,030577739996952; 0,0662311201577541; -0,32496760388196
0,0340398433041992; 0,0618207385425922; -0,3273233926791
0,0376157569122734; 0,0570157291775104; -0,330048829962616
0,0412909405661048; 0,0519921918993351; -0,333534484257107
0,0452554442716064; 0,047027196813142; -0,337555417169933
0,0495901688170852; 0,0422069316392299; -0,342230224360828
0,0545597930980148; 0,0378710614924785; -0,34701143716753
0,0597517808509292; 0,033739451993024; -0,351720779587631
0,0651013442111435; 0,0295293616538402; -0,356452526201611
0,0704478242230835; 0,025404545593774; -0,361552991022472
0,0757702656817855; 0,0217162951116916; -0,367546048511868
0,0809780295920791; 0,0186350461130497; -0,374277090181713
0,0861316605639877; 0,0161497747187969; -0,381078129758244
0,0912994637322845; 0,0142639587109443; -0,387881473650341
0,0964930482936325; 0,01299957611016; -0,395053535451298
0,101788034064812; 0,0123167987947819; -0,402539967646008
0,107337377889198; 0,0123642788117287; -0,410240290512447
0,112704512698692; 0,0130585972999689; -0,418100260247593
0,11793440125708; 0,0145745955442545; -0,425944312562351
0,122980479819817; 0,0167152972554323; -0,434166950334911
0,127855797929806; 0,0193042929505464; -0,442238060583477
0,132621478064102; 0,0225532238220331; -0,449854761709576
0,137509792072815; 0,0265194131468889; -0,456882373442059
0,14247038893227; 0,0310615806316492; -0,463462378134136
0,147760044856113; 0,0361633865570184; -0,469813575496082
0,153574718756718; 0,0416013382410166; -0,476596114982967
0,159690817518276; 0,0473991130327341; -0,484588654984837
0,165339574737591; 0,0542921982740518; -0,492788087477093
0,170558710022015; 0,0619595108961221; -0,500822368015652
0,175077288074535; 0,0702506481145975; -0,508414397587185
0,178890822453541; 0,0790016417240259; -0,515347901930218
0,182170378489536; 0,0881117634510156; -0,521597393502598
0,185040343327564; 0,0974634169077036; -0,527270278086071
0,187530473692459; 0,106976811144268; -0,532843023886089
0,189624052418512; 0,116635802838719; -0,538762025584583
0,191363036109251; 0,126583050939953; -0,544989000310307
0,19276026733045; 0,136876781437313; -0,551176040520077
0,193816888554138; 0,147591299269116; -0,557052676429157
0,193704269163427; 0,158766214105999; -0,561088073899155
0,193139433607575; 0,170123954269802; -0,564182995309238
0,192400168523309; 0,181409768316662; -0,56671856736124
0,191654522463796; 0,19210099861375; -0,568972936024075
0,191143947884557; 0,202696831676876; -0,571266262133722
0,19016342733812; 0,211541558954632; -0,573459047277574
0,18842581067991; 0,219743379208958; -0,576505651672487
0,186857729748008; 0,227856680009281; -0,579512306948309
0,184844504490611; 0,235862012956059; -0,58178755809844
0,182970046445844; 0,243785742971813; -0,584005774309044
0,181158449843642; 0,250780176374828; -0,586063449283247
0,179463582232711; 0,257697134468472; -0,588045294036274
0,177391012057778; 0,263551328036701; -0,589623725314741
0,175415042534587; 0,269330646250164; -0,591098917623167
0,173109133139369; 0,274038815352833; -0,592273867552285
0,170877149745938; 0,278675093505299; -0,593314155687694
0,168527044251678; 0,282966224405682; -0,594585440059309
0,166013245478389; 0,286281772110378; -0,59655312304676
0,163548164561507; 0,289531676027691; -0,598384552945499
0,160861091211555; 0,29234480455867; -0,600338078637724
0,157927969589946; 0,294746092114365; -0,60218623851717
0,155040522411582; 0,297078205350554; -0,603910264571314
0,151894661978004; 0,298882104459917; -0,60543003638566
0,148980409696815; 0,300414282534039; -0,606615054358844
0,14611069937062; 0,301866515580332; -0,607668261651997
0,14317489315581; 0,303020922992146; -0,60913100716949
0,140062389567611; 0,304021170738852; -0,610927939985995
0,136796780422446; 0,305088941532886; -0,61284465325356
0,133647134795901; 0,306293616149342; -0,614375026350026
0,13054313857865; 0,30742052562884; -0,615816709672217
0,127714959874866; 0,308557789329206; -0,616993957881932
0,125191962018725; 0,309549971002852; -0,618066551064257
0,12271080036473; 0,310460446405923; -0,619049469282035
0,120068850711104; 0,310997691344237; -0,619903895680909
0,117127586796996; 0,311532141271746; -0,62060717610002
0,113640145853278; 0,312118043940281; -0,621600150813465
0,109721879556891; 0,312563887391006; -0,622703598861699
0,1055410077126; 0,312956871021306; -0,623827775840764
0,101255632832763; 0,312942518849158; -0,624945506652002
0,0966808416397543; 0,312878429122502; -0,625683517058496
0,0921242033393355; 0,312759346222738; -0,626363248203997
0,0872611101419897; 0,312805663618492; -0,627177752603893
0,0823992713243933; 0,312818922019796; -0,627943660889869
0,0773051555902929; 0,312754970408277; -0,629434949730639
0,0722116931230993; 0,312563351980643; -0,63116598544002
0,0670360561163397; 0,312275513551431; -0,633252202843432
0,0619855095894308; 0,312083873386727; -0,635545187716489
0,0570673267991514; 0,311890050760703; -0,637674954359536
0,0520193164498778; 0,311870376373408; -0,640017601077561
0,046687419906375; 0,312113146706251; -0,64277163666964
0,0406828158051939; 0,312703027947573; -0,645860204820637
0,0346746539027663; 0,313314350357978; -0,648976487939362
0,0278247003705473; 0,312085560372798; -0,653561496858601
0,0210111283214064; 0,310854267216055; -0,658199927930836
0,0131112938077421; 0,310287468506722; -0,664156551485066
0,00480737020086958; 0,310349067397183; -0,670079997305875
-0,0037565971462755; 0,311000879429048; -0,675838382368092
-0,0125946338026552; 0,311639093033736; -0,681522300963406
-0,0215824915020494; 0,310175337962573; -0,688041157250409
-0,0297804964630632; 0,309099058903521; -0,693261877422337
-0,0381865782587557; 0,308333972938126; -0,696806637172704
-0,0456406963913469; 0,314930415995186; -0,700308796887402
-0,0530447805969743; 0,321516351945465; -0,703906178300385
-0,0599213559477358; 0,330733908660477; -0,708871820096974
-0,0643001733272104; 0,33438107962138; -0,716213202004437
-0,0687371210305719; 0,338160608060425; -0,723719276313786
-0,0712658853380708; 0,340318767674034; -0,732505905752186
-0,0722972102015047; 0,342668752021855; -0,741538136129384
-0,0726739900856046; 0,345667284376686; -0,749687757616048
-0,0729731345659821; 0,349390791304177; -0,75738623095036
-0,0734034627414076; 0,353660059518879; -0,765161470298771
-0,0739178076869576; 0,358138448841637; -0,772731949810986
-0,074272713038954; 0,36302512014634; -0,779945954804425
-0,0736539984232513; 0,368235454208916; -0,785727290039067
-0,0732679471856682; 0,373631119377678; -0,791639419918065
-0,0714890857524006; 0,37908785665757; -0,798409290437703
-0,0699896872526733; 0,384730007298058; -0,805231763844494
-0,0679478849953739; 0,39113068784005; -0,81283066761971
-0,0653822725004284; 0,39746255124337; -0,820517941241269
-0,0623809420055477; 0,404501945025986; -0,827940605406766
-0,0589894687122433; 0,411858017094201; -0,835109383587842
-0,0551802118605702; 0,419880536444252; -0,842465118293767
-0,0508497791475384; 0,427841765530175; -0,849658864860539
-0,0462885348981945; 0,435692436940735; -0,857225309734349
-0,0404567699617474; 0,442919717080658; -0,864507572774892
-0,0349753372854321; 0,450223846085137; -0,871707812671666
-0,028436863917741; 0,456073814876145; -0,878351011996274
-0,0219379060453503; 0,46171658838517; -0,884408753638272
-0,0156813739723293; 0,467207741386956; -0,889797201280598
-0,00982403387490197; 0,472637010462349; -0,894258357112412
-0,00438554455700799; 0,478019730098313; -0,897863629584317
0,00093883703288154; 0,483061233408516; -0,900734126691823
0,00640815029677467; 0,487631011552876; -0,902532804136281
0,0121914274507435; 0,491318186469143; -0,904848904435639
0,0181558717304142; 0,494297046012944; -0,907531812314992
0,0241124416404636; 0,496785799361533; -0,910629356627469
0,0297052986436756; 0,499575375117129; -0,913003229622845
0,0352258027606876; 0,502352070308989; -0,915310684715514
0,0405380506330402; 0,504720756359166; -0,917153426383738
0,0457980794721516; 0,50670732373721; -0,918410266314749
0,051207175355521; 0,508336126155918; -0,919126374771003
0,0567794127279194; 0,509811979628867; -0,919579188724165
0,0624890239053639; 0,510966041855281; -0,92003084150434
0,0681634510570438; 0,512110823340481; -0,920446577196126
0,0737040133291157; 0,512860027275747; -0,920935308870976
0,0789935923629673; 0,512931597422576; -0,921361929786508
0,0841019804292591; 0,512790032442426; -0,922024177772109
0,0887667463236721; 0,51283023062977; -0,922496896323864
0,0934069124871166; 0,512867680509808; -0,922963943270151
0,097642320197192; 0,51281136028585; -0,923561132115428
0,101273338001338; 0,513180144691141; -0,924188786459272
0,104468411009875; 0,513140020171413; -0,924209666990791
0,107393623393145; 0,512142792070517; -0,923937930495594
0,109701206933823; 0,51003482061089; -0,923428903774475
0,111980308991042; 0,507922149176011; -0,922908841886674
0,113923715900746; 0,506137837792048; -0,922593095221673
0,115520665597287; 0,504499547953019; -0,922358251058613
0,116733057599631; 0,502581682676682; -0,921973692954634
0,11774729537603; 0,500158536458621; -0,921184040636872
0,11872657338914; 0,497734921301017; -0,920406324968789
0,119652893494931; 0,495678783083568; -0,920389186638058
0,120443497326341; 0,493738274598727; -0,920956153208972
0,120899865094689; 0,491609173441539; -0,921696874807239
0,121051733473432; 0,489290751988301; -0,922453866536379
0,120905448410776; 0,487399787927279; -0,922938741865218
0,120756380509702; 0,485508252257714; -0,923422410572529
0,120449428696302; 0,483757339442382; -0,923755155811668
0,120168659117189; 0,482176800543675; -0,923895737901912
0,119960966173676; 0,480728548342595; -0,924058655575499
0,119424182985094; 0,479738047743449; -0,92462847210525
0,118897757593659; 0,478751205081353; -0,925209472329006
0,11831906310108; 0,477950598770986; -0,925920947194681
0,117863753352431; 0,477446703450987; -0,926675452888594
0,117547372568515; 0,477268981138477; -0,927422634065733
0,117418361546588; 0,477228314281674; -0,928164172396646
0,117345382718486; 0,477259367284132; -0,929048823565827
0,117220088865724; 0,47751671180944; -0,930372230411158
0,117174520164845; 0,477947706253035; -0,932024281025515
0,117314272539807; 0,478418197267456; -0,93372530102788
0,117483511863393; 0,478919403784676; -0,935311470181332
0,117455052566365; 0,479575825043721; -0,936776167154894
0,117203828730271; 0,480412027247949; -0,938107330948696
0,117020229250775; 0,481204717241926; -0,939391084015951
0,117059119686601; 0,481914200120373; -0,940906813443289
0,117447263755021; 0,482507045314415; -0,942794801593409
0,118107895039138; 0,482823527686996; -0,944859226793633
0,118790243648109; 0,482976206716849; -0,94684328645526
0,119353403084096; 0,483152250767453; -0,948639198095188
0,119672369442997; 0,483587194018765; -0,949962576181278
0,119659482539282; 0,483916298792465; -0,950712650418864
0,11945213923289; 0,48431696050684; -0,950964389518485
0,119274973832653; 0,484992116399808; -0,951247024015174
0,118978821281926; 0,485566874899669; -0,952399365082965
0,118505726960138; 0,485918933645589; -0,954357933477149
0,118297695238725; 0,486393634126289; -0,955476329550729
0,118042593133287; 0,486503348246915; -0,956513694599853
0,117836872563348; 0,486397887709318; -0,95740844525455
0,117794609703706; 0,486154777853517; -0,958039446771727
0,117771223108866; 0,485622817723779; -0,958531078734086
0,117638683259138; 0,484787498487858; -0,959040309638367
0,117532066465937; 0,483905988557963; -0,959508272931562
0,117502259500907; 0,483142168073682; -0,960008421168313
0,117562248688773; 0,482451540156035; -0,960319935046718
0,117506265277625; 0,481668769343523; -0,960148550999001
0,117493365418049; 0,480792460067896; -0,960155879431986
0,117494884468033; 0,47989372566226; -0,960312780538224
0,117477906293352; 0,478987171127228; -0,960506255035871
0,117405769380857; 0,478124174623517; -0,960636532088392
0,117301154474844; 0,477505091539351; -0,960669172988855
0,11716420355544; 0,477356927244691; -0,960375812692218
0,117099680363317; 0,477622166945366; -0,959484758121543
0,117077005655155; 0,478084040022222; -0,95813426454144
0,11705577376124; 0,478455601333408; -0,956609315765672
0,11712405401573; 0,478622516262112; -0,955057867211871
0,117098318040953; 0,478682726299158; -0,954628833500319
0,116963758236379; 0,4790810559073; -0,954964877484017
0,116829283852712; 0,479976989714196; -0,955894903359585
0,116755035338574; 0,481069294152549; -0,956968946871929
0,116718956328113; 0,481807167021325; -0,957639105585986
0,116663956221309; 0,481696603636956; -0,957590247998596
0,116486420136061; 0,480716182779288; -0,956920870179892
0,116338818956283; 0,479396923523164; -0,956174714202643
0,116167092982796; 0,478210438158131; -0,955894298563362
0,115947013877449; 0,477504709105706; -0,956044178149313
0,115551975563285; 0,477361985560274; -0,956524871951551
0,114767532914993; 0,478099136020756; -0,957763093477697
0,114018097266671; 0,478729944716906; -0,959155541575164
0,113152037084219; 0,478751911952859; -0,960727286851615
0,112223696529982; 0,478485154643422; -0,962676154589862
0,111399390146253; 0,478526801251574; -0,964933736837119
0,110606602549669; 0,479003648393555; -0,96739666841051
0,109743441760656; 0,47966494412045; -0,969524877733201
0,108758888885495; 0,480294805177255; -0,970901083266944
0,107508835837361; 0,480869979419513; -0,971598062133998
0,106101553037879; 0,4814744906954; -0,971838929476798
0,104601287737605; 0,482131366365357; -0,971884466908523
0,103097985729691; 0,483700421237154; -0,972570728264399
0,101565701857326; 0,485533801548882; -0,9736461853754
0,100069433942553; 0,487526942723198; -0,975229098327108
0,0987095027120084; 0,489497532927199; -0,977345084823318
0,097510224476573; 0,491350935333176; -0,979779711044975
0,0964961975516052; 0,493086542718811; -0,982430561162182
0,0957418124825925; 0,494707556747599; -0,984733346379944
0,0950363726617069; 0,496035578035517; -0,986419336177059
0,0941652793140382; 0,49702301994781; -0,987311875797459
0,0932620552630396; 0,498010184847517; -0,987291508732014
0,0923467971832723; 0,499116333731218; -0,986768772756331
0,0917763093562097; 0,500118737228913; -0,986954071359359
0,0914641343505354; 0,500795764335199; -0,987961940155946
0,0913712501508416; 0,501089822862996; -0,989597621397697
0,0915241891873301; 0,500923594877823; -0,991468923376524
0,0917317013052524; 0,500180504888995; -0,993234818266355
0,0919161179458023; 0,499172891647322; -0,994733797447406
0,0920540023857028; 0,498391400919063; -0,995917498530471
0,0920652240834896; 0,498100534722908; -0,996900552199804
0,0918443910166387; 0,498188706299989; -0,997759395004832
0,0914420020714168; 0,498393014500616; -0,998676204668009
0,0913249524164711; 0,498669622259913; -1,00022687329503
0,0916049889143323; 0,499035151283024; -1,00199598281237
0,0922859161760424; 0,499450744072674; -1,00373362018319
0,0930349988158558; 0,499621738510905; -1,00528144179436
0,0933938525657867; 0,499365091862856; -1,00662553815695
0,0933157934615155; 0,499041294286726; -1,00756619466993
0,0930861230375011; 0,499202882515965; -1,00806658203306
0,0927428865613182; 0,500277564170538; -1,00877584444883
0,0922950038494308; 0,502042718174635; -1,00961519914272
0,0918663892330368; 0,504155815037666; -1,01041377524438
0,0916219623567303; 0,506259100976168; -1,01105281139316
0,0916651153744896; 0,507089037689148; -1,01127102416533
0,0919527874694903; 0,507218983665807; -1,01117956935952
0,0924303368286927; 0,506797080830438; -1,01089357690478
0,0930109035776694; 0,506074415788753; -1,01080769922177
0,0936192898260196; 0,505539096602006; -1,01131832517276
0,0942059315921505; 0,505541366355319; -1,01240930199216
0,0946499245794256; 0,506001635396679; -1,01399839803169
0,0949168520787497; 0,506664358878334; -1,01586084022711
0,0950681358383735; 0,507172734642227; -1,01728632613609
0,095256068035378; 0,507408759163518; -1,01844565130363
0,0955008376570185; 0,507383037829132; -1,01910576387832
0,0958214827062328; 0,507201652140648; -1,0187197153602
0,0962872606696327; 0,507153157103167; -1,01786810751597
0,096596715505584; 0,507169361861016; -1,01702356177906
0,0968088174419244; 0,507330981494452; -1,01639041836897
0,097001040689065; 0,507829788887466; -1,01612826536933
0,097183714378043; 0,50850153971609; -1,01623632708157
0,097249270043685; 0,508946905770863; -1,01655235701764
0,097253270735382; 0,50898658980761; -1,01688708098198
0,0972594408725853; 0,508624055098335; -1,01718903965841
0,0974754670669789; 0,508012487079541; -1,01733499573136
0,0979087545757647; 0,507134549479525; -1,01724220729957
0,0983085271751041; 0,506048846404592; -1,01699243256415
0,0986295970191712; 0,505268562819402; -1,01681748224015
0,0987489713204558; 0,504699006501178; -1,01683898242947
0,0986914275202434; 0,504257477420906; -1,01719151592639
0,0985692224081139; 0,503903027895431; -1,01782609074202
0,0984389558236579; 0,503542108174006; -1,01875932968047
0,0982817453134338; 0,503208721812407; -1,01965509651986
0,0981308736640493; 0,50303840286244; -1,02028955972579
0,0979533963266293; 0,502957329146157; -1,02053163553414
0,097677992376266; 0,503123502946983; -1,01991996570316
0,0974426223326008; 0,503389556157927; -1,01919323167589
0,097263908087043; 0,503680060963671; -1,01873063805339
0,0971463960583787; 0,503918745044212; -1,01881859320041
0,097063592475606; 0,504059264810349; -1,01940888493147
0,0970835344621445; 0,504117514483224; -1,02058077669528
0,097166046242928; 0,504175610571693; -1,02213787711051
0,0972587257099803; 0,504343267876248; -1,02377651250747
0,0972791264241095; 0,504550289317559; -1,02492378852156
0,0972581132303457; 0,504768876108865; -1,02545949614432
0,0972965878655667; 0,505002152055095; -1,02544688769558
0,097371703860117; 0,505196924406628; -1,02493852277228
0,09737334891528; 0,505439907677065; -1,02471422242874
0,0973718267824733; 0,505886762842129; -1,02469910310872
0,0973586627602343; 0,506538583144139; -1,02481446878344
0,0974279469990869; 0,507341531022976; -1,02489261340641
0,0976100010046502; 0,508200407951663; -1,02456126503937
0,0979507495829602; 0,508962182506512; -1,02381151549809
0,0983415587613125; 0,50944853729714; -1,02294020057016
0,0987893545621772; 0,50959147543792; -1,02229266494804
0,0991111975902458; 0,509485826558958; -1,0222693712503
0,0993197461398084; 0,509387835917588; -1,02291533360782
0,0994339141243835; 0,509460750824365; -1,02422804991307
0,0993264214502414; 0,50992108859733; -1,02567244748178
0,0992227593989809; 0,510378204739246; -1,02710664460959
0,0991456798970465; 0,510939429520222; -1,02730389833974
0,0990625317714874; 0,511498535281572; -1,02749095893058
0,0990807127364677; 0,511352258367988; -1,02634042060527
0,0991686314874095; 0,510381741194579; -1,02502355417761
0,0992452072229934; 0,50941089820728; -1,02370102039131
0,0993501183082116; 0,508398678271624; -1,02293680308911
0,0994548282929462; 0,50769519556925; -1,02293244835601
0,0995726784662109; 0,506991260989162; -1,02293170404424
0,0995842666208044; 0,507153048893961; -1,02423678261032
0,0995030892762587; 0,50748322863743; -1,02573551115384
0,0992953730869338; 0,507700083038363; -1,02709358614673
0,0990384900319621; 0,507667684852204; -1,02808060643067
0,0987890084396348; 0,507366614918283; -1,02857590780397
0,0985668727132723; 0,507057726922504; -1,02905544520159
0,0984293164062545; 0,506712798046938; -1,02910736158759
0,0983564303006277; 0,506773750762514; -1,02952554017575
0,0981914896640227; 0,507115932087473; -1,03029848136277
0,0979052830795989; 0,507676108460001; -1,03125104151935
0,0976636745344148; 0,508328680302075; -1,03211083531649
0,0975531997467623; 0,508873785602919; -1,03273002479495
0,0975830990757093; 0,509094016271702; -1,032916401646
0,0976834014180348; 0,508880963399134; -1,03280988059276
0,0979137053276644; 0,508506702444575; -1,03253295745039
0,0982278482179389; 0,508210061582795; -1,03212497337991
0,0984937060001538; 0,508164819650411; -1,03176235213214
0,0986707286472664; 0,508458202056645; -1,0315261408993
0,0985456103022442; 0,509415436036944; -1,03174043814921
0,0984193389891878; 0,510378821663617; -1,03197556323641
0,0981965988344744; 0,511362203605532; -1,03241732324743
0,097954292114009; 0,512351548321604; -1,03286936532044
0,0982347910694078; 0,512628714986204; -1,03281794430026
0,0986666831217006; 0,512255638971984; -1,03250988730499
0,0992549943394259; 0,511451372563898; -1,03216725477287
0,0999277041322783; 0,510570116028248; -1,0320984825286
0,100646506718476; 0,509927589580475; -1,03235530260754
0,101299676544149; 0,509682641126274; -1,03288383643878
0,101825032814522; 0,509826798899158; -1,03363419141424
0,101960229839315; 0,510456216646417; -1,03407897114557
0,10210327193432; 0,511084977401479; -1,03452564284009
0,102283912918647; 0,511592665700301; -1,03410963207287
0,102456841229577; 0,512099425209745; -1,03368626303774
0,102850036903401; 0,511726259714051; -1,03230408735377
0,103301278374274; 0,511048641925737; -1,03096794761521
0,103794993109186; 0,510545891871735; -1,03052757076723
0,104199392742594; 0,510300142200723; -1,03072590462667
0,104562690279563; 0,510303055731347; -1,03135971128744
0,104831229693373; 0,510429892962566; -1,03208671204549
0,105108551050653; 0,510555136114127; -1,03281269773645
0,105334576259483; 0,510700117315865; -1,03275565416356
0,105566508623888; 0,510841775530717; -1,03269037081664
0,105848605840583; 0,510471765877447; -1,03201672105854
0,106133768039872; 0,510097650879762; -1,0313308721668
0,10640226835676; 0,509588517727098; -1,03072457476323
0,106676196365733; 0,509144120657584; -1,0303598149008
0,106794072113116; 0,509255086494378; -1,03045695342858
0,106843701878679; 0,509652394478909; -1,03075466659655
0,106814131525461; 0,510199833189837; -1,03121100102355
0,106782184884068; 0,510803911028198; -1,03164746695002
0,106747198722442; 0,51140668739914; -1,03207807187726
0,106837224674527; 0,511938729373506; -1,03235064592947
0,106858988341992; 0,511827464693925; -1,03225890748006
0,106882308037602; 0,511715389232851; -1,03216527172168
0,106839836082072; 0,51151759785018; -1,03198005256047
0,106753031025291; 0,511462674288778; -1,03181104241674
0,106558721783222; 0,511567937749206; -1,03175852241264
0,106387264254154; 0,511812626159518; -1,03184268244811
0,106274331482709; 0,512098816650688; -1,0321254580588
0,106251253011287; 0,512375893107383; -1,03266813141563
0,106437516073347; 0,5125391354959; -1,03327356481263
0,10672675422451; 0,512407744376688; -1,03388461803355
0,107017537272186; 0,511970519645839; -1,03438787658968
0,107074694806361; 0,511785749493866; -1,03468302109548
0,107149275341653; 0,511600740085124; -1,03498623463594
0,106898417478078; 0,511983893903671; -1,03511033722469
0,106615946763777; 0,512441884259461; -1,03511113264918
0,106345771090709; 0,512831435146509; -1,03494253781944
0,106226251279586; 0,513122958092718; -1,0346373188062
0,106276274365955; 0,513287372159539; -1,03427397690102
0,106499004220241; 0,513203899989604; -1,03386619213357
0,106808949974947; 0,51283294850844; -1,03361264086649
0,107187446882599; 0,512346706594108; -1,03360440193763
0,107612693426781; 0,511908466907917; -1,03397762837907
0,108036861573928; 0,511736249531387; -1,03493026423355
0,108467974109226; 0,51156627192977; -1,03589390303096
0,108903065515333; 0,511691678034841; -1,03677051800391
0,109301512283855; 0,511709565421334; -1,03726073592057
0,109657229190343; 0,511511688319734; -1,03724896694505
0,110015811813646; 0,511195025717608; -1,0368722763189
0,110351382163935; 0,510829929088942; -1,0363320671671
0,110589848929667; 0,510493391280762; -1,0358146250897
0,110777332955622; 0,510267715355149; -1,03545470694982
0,11099060282635; 0,510211533553666; -1,0353013378472
0,111146427407511; 0,510320744741476; -1,03536373995681
0,111408347185352; 0,5107834354823; -1,03584951285709
0,111673673666664; 0,511244254003978; -1,03633080181171
0,112065420575091; 0,511503280963517; -1,03657861415733
0,11250078072364; 0,511425111967838; -1,03647283938219