0,00514776771888137; 0,00694431224837899; 0,0197834335267544
0,00184706971049309; 0,00779262557625771; 0,0214294753968716
0,000881654326803982; 0,00931512378156185; 0,0219132602214813
-0,000132436136482283; 0,00656328862532973; 0,0222127344459295
-0,0042318687774241; 0,00689799385145307; 0,0232893750071526
-0,00233668088912964; 0,0069690071977675; 0,0218696463853121
0,00228615361265838; 0,00497023575007915; 0,0208431426435709
0,00347790750674903; 0,00766187394037843; 0,0225094817578793
0,00278165261261165; 0,00851433351635933; 0,0238709524273872
0,00308063835836947; 0,00944323930889368; 0,0310256071388721
0,000418002542573959; 0,00952122267335653; 0,0362779386341572
-0,00130622065626085; 0,00880424678325653; 0,0411735586822033
-0,00696815736591816; 0,00774508668109775; 0,0381073951721191
-0,00781529955565929; 0,00641536526381969; 0,0297200828790665
-0,00373887736350298; 0,00647035241127014; 0,0156733095645905
-0,00116157869342715; 0,00768194440752268; -0,00201285886578262
0,00116592808626592; 0,00880118925124407; -0,0184274427592754
0,00198434758931398; 0,00607090443372726; -0,0287715513259172
-0,00279321754351258; 0,0036021254491061; -0,0357295721769333
-0,00452317111194134; 0,00124373950529844; -0,0311011038720608
-0,00415768660604954; -0,00151783658657223; -0,0205658189952374
-0,00646544527262449; -0,00340193253941834; -0,00884540006518364
-0,00552963186055422; -0,00543740810826421; -0,000266997289145365
-0,00202034949325025; -0,00459788925945759; 0,00213957438245416
-5,10740464960691e-05; -0,00342348287813365; 0,00129705504514277
-0,00155318179167807; -0,00162616407033056; -0,00379171129316092
-0,00311781908385456; 9,99278199742548e-06; -0,00988743267953396
-0,00481398077681661; 0,00210372684523463; -0,0106534799560905
-0,00695526180788875; 0,0054574403911829; -0,00641951942816377
-0,00601293984800577; 0,00644656224176288; 0,00270616402849555
-0,00263366382569075; 0,00661084474995732; 0,0125713339075446
-0,00145294470712543; 0,00690564978867769; 0,0227878484874964
0,00143865181598812; 0,00643439870327711; 0,0288233067840338
0,00192459381651133; 0,00852330587804317; 0,0306054633110762
0,00288069085218012; 0,0105182556435466; 0,0272323805838823
0,00435509439557791; 0,0119529590010643; 0,0228099748492241
0,00441259890794754; 0,0142017407342792; 0,0203796345740557
0,00385151570662856; 0,016020281240344; 0,0178011432290077
0,00377737497910857; 0,0183512736111879; 0,0168352723121643
0,0036844362039119; 0,0168512538075447; 0,0151439597830176
0,00135178212076426; 0,0139114428311586; 0,013059550896287
0,00137609697412699; 0,0142289279028773; 0,0118725104257464
0,00410013971850276; 0,0125789362937212; 0,0086714057251811
0,00689723109826446; 0,0116177899762988; 0,00546477735042572
0,005513368640095; 0,0130953555926681; 0,00321030453778803
0,00314834830351174; 0,0167918931692839; 0,00212287181057036
0,0042752968147397; 0,0162129383534193; 0,0077437674626708
0,0053521036170423; 0,0103131514042616; 0,0219049677252769
0,00990073382854462; 0,00890809949487448; 0,0258885845541954
-0,000782448798418045; 0,000196347988094203; 0,0236300490796566
-0,0354114137589931; -0,0124891214072704; 0,0176571421325207
-0,072248600423336; -0,04314024746418; -0,0035123904235661
-0,101313896477222; -0,092013031244278; -0,0204874370247126
-0,134077474474907; -0,137815684080124; -0,0389101728796959
-0,15324030816555; -0,187428176403046; -0,0574123151600361
-0,17718543112278; -0,242432817816734; -0,0845745950937271
-0,220357328653336; -0,305005252361298; -0,121986418962479
-0,279223650693893; -0,391313165426254; -0,15800653398037
-0,35107684135437; -0,477346777915955; -0,206833645701408
-0,415390729904175; -0,555995941162109; -0,249102532863617
-0,465024024248123; -0,615383386611938; -0,296511471271515
-0,503705382347107; -0,641706347465515; -0,339048147201538
-0,512640953063965; -0,644321501255035; -0,382547795772552
-0,51199346780777; -0,633977055549622; -0,423844963312149
-0,501862466335297; -0,62042647600174; -0,460288882255554
-0,483256191015244; -0,608013153076172; -0,485343784093857
-0,478971123695374; -0,621796548366547; -0,52471786737442
-0,496107637882233; -0,633478820323944; -0,550522327423096
-0,515508592128754; -0,618798851966858; -0,559755504131317
-0,521832466125488; -0,619115650653839; -0,581258296966553
-0,525669813156128; -0,604604005813599; -0,597411930561066
-0,503561794757843; -0,5738645195961; -0,600573003292084
-0,453849881887436; -0,52875828742981; -0,609715580940247
-0,380379348993301; -0,465195715427399; -0,61823570728302
-0,334678709506989; -0,392109096050262; -0,635612547397614
-0,251751452684402; -0,324475258588791; -0,645625233650208
-0,165434315800667; -0,295855820178986; -0,66100001335144
-0,125540122389793; -0,260651171207428; -0,661590218544006
-0,0541716478765011; -0,239125788211823; -0,651389122009277
0,013145393691957; -0,223106354475021; -0,639830946922302
0,0634285733103752; -0,152360990643501; -0,617756068706512
0,0745440423488617; -0,0739234313368797; -0,595367312431335
0,0688726082444191; -0,00383443455211818; -0,536354124546051
0,0975410044193268; 0,0557172708213329; -0,483925968408585
0,113456450402737; 0,139305874705315; -0,455677449703217
0,152237385511398; 0,238928347826004; -0,418394684791565
0,229779869318008; 0,343629568815231; -0,394502609968185
0,28511244058609; 0,430554360151291; -0,388047099113464
0,356643706560135; 0,494512051343918; -0,394950717687607
0,44511678814888; 0,585408866405487; -0,369719296693802
0,484969913959503; 0,657446920871735; -0,330915033817291
0,496353894472122; 0,717161297798157; -0,296508878469467
0,471348643302917; 0,775376319885254; -0,24962405860424
0,409381031990051; 0,775362968444824; -0,228955432772636
0,362642794847488; 0,764058589935303; -0,187538608908653
0,314324200153351; 0,739979445934296; -0,157360464334488
0,311477959156036; 0,70408695936203; -0,145620182156563
0,331952393054962; 0,727132380008698; -0,119298361241817
0,305613815784454; 0,757522404193878; -0,0938527956604958
0,269310832023621; 0,780714690685272; -0,0835055336356163
0,24881537258625; 0,781117081642151; -0,0631512552499771
0,215089783072472; 0,757764518260956; -0,0493766963481903
0,19808167219162; 0,726216554641724; -0,0390557497739792
0,204752460122108; 0,705152213573456; -0,0131954411044717
0,218899935483932; 0,670021176338196; 0,0319781228899956
0,250596880912781; 0,654505848884583; 0,0619850419461727
0,25289124250412; 0,669066429138184; 0,088074266910553
0,220779195427895; 0,683803677558899; 0,116815865039825
0,176824852824211; 0,690434038639069; 0,137899652123451
0,131642773747444; 0,684274792671204; 0,165548890829086
0,0935394093394279; 0,658935368061066; 0,190320909023285
0,0674843713641167; 0,633719921112061; 0,211637675762177
0,0552278757095337; 0,620466351509094; 0,237405315041542
0,0489820204675198; 0,610733330249786; 0,259593635797501
0,05594477429986; 0,620757162570953; 0,279594331979752
0,0639067888259888; 0,651503503322601; 0,29628524184227
0,0647454187273979; 0,70144784450531; 0,31065508723259
0,0613971874117851; 0,746217012405396; 0,310316979885101
0,0519880689680576; 0,778985857963562; 0,331041544675827
0,0398905426263809; 0,791382372379303; 0,355301469564438
0,0297077782452106; 0,796943128108978; 0,396898746490479
-0,00373718864284456; 0,815000772476196; 0,429256051778793
-0,0465786270797253; 0,8530632853508; 0,443749278783798
-0,0805413424968719; 0,922022104263306; 0,448007583618164
-0,0762039572000504; 1,00688779354095; 0,437268406152725
-0,0707148313522339; 1,0983475446701; 0,431186854839325
-0,0663117617368698; 1,1494745016098; 0,404957473278046
-0,041818555444479; 1,12454760074615; 0,375492811203003
-0,0627829879522324; 1,0770708322525; 0,356538712978363
-0,12674905359745; 1,04400849342346; 0,368622183799744
-0,18516694009304; 1,02139103412628; 0,397861003875732
-0,243188753724098; 1,02416801452637; 0,439953446388245
-0,272497475147247; 1,0852986574173; 0,478118866682053
-0,261896699666977; 1,20512127876282; 0,496160387992859
-0,22264888882637; 1,29572749137878; 0,505520761013031
-0,139386430382729; 1,30466914176941; 0,467676252126694
-0,0627449527382851; 1,26354169845581; 0,368013978004456
-0,0134391132742167; 1,18944120407104; 0,251061469316483
0,0105338981375098; 1,1180008649826; 0,0950008705258369
-0,00410853326320648; 1,06464290618896; -0,0284536816179752
-0,0796212628483772; 1,00157940387726; -0,0743304416537285
-0,115310549736023; 0,89629328250885; -0,151203513145447
-0,18913945555687; 0,614431202411652; -0,361452907323837
-0,232508316636086; 0,444008737802505; -0,429158568382263
-0,232426315546036; 0,344033658504486; -0,492793619632721
-0,238329350948334; 0,341476261615753; -0,552594900131226
-0,21140430867672; 0,473503291606903; -0,572813391685486
-0,156866759061813; 0,416631191968918; -0,661770105361938
-0,134081020951271; 0,14715114235878; -0,88243168592453
-0,108283802866936; -0,149064019322395; -1,22185862064362
-0,0743367746472359; -0,450553447008133; -1,46600770950317
-0,113949604332447; -0,593650937080383; -1,61460661888123
-0,116238713264465; -0,617705821990967; -1,6485503911972
-0,0488996468484402; -0,580863118171692; -1,57058000564575
0,00545961363241076; -0,53756320476532; -1,48056507110596
0,0311857890337706; -0,66602486371994; -1,49335932731628
0,0268594715744257; -0,893953919410706; -1,54986310005188
0,0275793336331844; -1,00889718532562; -1,56539499759674
-0,00328649766743183; -1,01590716838837; -1,52111744880676
-0,0379938520491123; -0,983842313289642; -1,42508745193481
-0,0136290714144707; -0,905101478099823; -1,27210485935211
0,0331825390458107; -0,79157692193985; -1,08121109008789
0,0727174282073975; -0,692058145999908; -0,89189875125885
0,148604393005371; -0,616936981678009; -0,7133709192276
0,236204147338867; -0,566051840782166; -0,585770070552826
0,300281047821045; -0,576230525970459; -0,54433274269104
0,335638552904129; -0,598515510559082; -0,556396901607513
0,33766695857048; -0,572581231594086; -0,571374595165253
0,299248307943344; -0,541450679302216; -0,596137762069702
0,267943531274796; -0,532701313495636; -0,611326575279236
0,26631361246109; -0,539564728736877; -0,592239201068878
0,280943691730499; -0,566245377063751; -0,572399497032166
0,314344793558121; -0,604108929634094; -0,580874383449554
0,354225695133209; -0,641829609870911; -0,598468363285065
0,380720287561417; -0,656061768531799; -0,630887985229492
0,428658723831177; -0,657852292060852; -0,661435008049011
0,481692254543304; -0,638591349124908; -0,682985067367554
0,523559212684631; -0,610140085220337; -0,711548328399658
0,564605116844177; -0,582164108753204; -0,7575364112854
0,62083101272583; -0,53217339515686; -0,815781712532043
0,685297071933746; -0,464712530374527; -0,883742034435272
0,791307687759399; -0,392579138278961; -0,962433993816376
0,906043946743011; -0,307568967342377; -1,03891777992249
0,971172988414764; -0,223153993487358; -1,10629224777222
0,987766981124878; -0,131840497255325; -1,12537658214569
0,971579134464264; 0,000733010412659496; -1,10960030555725
0,974194586277008; 0,137237772345543; -1,06807279586792
1,00114560127258; 0,275517076253891; -1,00449359416962
1,00982749462128; 0,430660933256149; -0,922000765800476
0,994128584861755; 0,591213345527649; -0,826387882232666
0,96792471408844; 0,739019989967346; -0,740470767021179
0,910825312137604; 0,846618115901947; -0,693945169448853
0,843169331550598; 0,924136459827423; -0,671883821487427
0,754733741283417; 1,02320384979248; -0,658973634243011
0,624442636966705; 1,11941969394684; -0,638933062553406
0,4804547727108; 1,17863714694977; -0,608229339122772
0,364538043737411; 1,21178126335144; -0,561960220336914
0,302017211914062; 1,20342886447906; -0,483446598052979
0,241305187344551; 1,18296313285828; -0,411449313163757
0,172571405768394; 1,1842554807663; -0,350593149662018
0,101733833551407; 1,20377779006958; -0,337678372859955
0,0202276986092329; 1,20593118667603; -0,393539845943451
-0,0774443596601486; 1,1916868686676; -0,437686651945114
-0,159197613596916; 1,19429206848145; -0,459933251142502
-0,19779834151268; 1,19464659690857; -0,453783422708511
-0,278069078922272; 1,17721617221832; -0,448365032672882
-0,389657497406006; 1,12262916564941; -0,434807658195496
-0,474586308002472; 1,04484450817108; -0,40109521150589
-0,538069188594818; 0,9765585064888; -0,374981194734573
-0,591148912906647; 0,922949373722076; -0,328773081302643
-0,619025886058807; 0,866501033306122; -0,273566842079163
-0,682533442974091; 0,81035715341568; -0,266803354024887
-0,793424546718597; 0,754989624023438; -0,273878902196884
-0,925132274627686; 0,709147334098816; -0,272414684295654
-1,04493010044098; 0,645176529884338; -0,284840881824493
-1,12173700332642; 0,57230806350708; -0,262441784143448
-1,14249861240387; 0,532518744468689; -0,211377799510956
-1,12669551372528; 0,513823926448822; -0,158388540148735
-1,09109663963318; 0,488897204399109; -0,0930204167962074
-1,05203020572662; 0,436151713132858; -0,0271661430597305
-1,04245615005493; 0,357338577508926; -0,00368839153088629
-1,06947731971741; 0,262592792510986; 0,0194858498871326
-1,09434175491333; 0,190912216901779; 0,0471644960343838
-1,09861755371094; 0,146021440625191; 0,0388047620654106
-1,07999658584595; 0,108270987868309; 0,0550055652856827
-1,02950084209442; 0,100272797048092; 0,074022002518177
-0,961264133453369; 0,0984644144773483; 0,0911135524511337
-0,900345504283905; 0,106444552540779; 0,105534449219704
-0,87984424829483; 0,0922464802861214; 0,0731883272528648
-0,874220848083496; 0,0805645510554314; 0,0563297718763351
-0,844776391983032; 0,0795175209641457; 0,0507689937949181
-0,80751371383667; 0,0529513992369175; 0,0272729508578777
-0,801290810108185; 0,0226906184107065; -0,00473088771104813
-0,795720875263214; 0,00292767118662596; -0,0277280751615763
-0,813815951347351; -0,0236688647419214; -0,0543989986181259
-0,844077467918396; -0,0500207245349884; -0,0917586162686348
-0,888149261474609; -0,0662881508469582; -0,12498689442873
-0,917703688144684; -0,0856239423155785; -0,148484036326408
-0,931172490119934; -0,0958036482334137; -0,17366050183773
-0,949922978878021; -0,0944669470191002; -0,196393713355064
-0,975383818149567; -0,101488493382931; -0,219846427440643
-1,00030612945557; -0,125838831067085; -0,263339102268219
-1,03238594532013; -0,151143476366997; -0,311179935932159
-1,09871089458466; -0,167406916618347; -0,381126463413239
-1,15599012374878; -0,188705772161484; -0,45379364490509
-1,17443251609802; -0,184032037854195; -0,491174966096878
-1,16424214839935; -0,157221913337708; -0,518657803535461
-1,15458822250366; -0,128635570406914; -0,537027895450592
-1,12367296218872; -0,106493301689625; -0,540424287319183
-1,11307430267334; -0,116946294903755; -0,572466015815735
-1,1255179643631; -0,0984488949179649; -0,564888119697571
-1,10314476490021; -0,0412378087639809; -0,554409027099609
-1,03849673271179; 0,0285329446196556; -0,588967323303223
-0,951277136802673; 0,120820179581642; -0,633224010467529
-0,868979156017303; 0,21440552175045; -0,711858689785004
-0,7867271900177; 0,283081293106079; -0,837728142738342
-0,653910458087921; 0,344263315200806; -0,92870557308197
-0,513565421104431; 0,385945200920105; -1,00913453102112
-0,452450424432755; 0,4220130443573; -1,06499028205872
-0,355655401945114; 0,458668351173401; -1,07561552524567
-0,233565479516983; 0,506124317646027; -1,08798611164093
-0,147735774517059; 0,562760233879089; -1,09134089946747
0,0441602766513824; 0,639643251895905; -1,05631446838379
0,234593018889427; 0,740005135536194; -1,00679016113281
0,385731041431427; 0,80552089214325; -0,96511572599411
0,500725090503693; 0,815280258655548; -0,91520357131958
0,542459189891815; 0,77105975151062; -0,921906352043152
0,558096587657928; 0,730271995067596; -0,935093641281128
0,587694406509399; 0,705839216709137; -0,937477469444275
0,608141243457794; 0,709796667098999; -0,947293817996979
0,638827383518219; 0,736984193325043; -0,931316137313843
0,654568016529083; 0,752124130725861; -0,882486999034882
0,650035500526428; 0,737098753452301; -0,833188533782959
0,701792895793915; 0,690723538398743; -0,743463218212128
0,739729821681976; 0,65324205160141; -0,624687373638153
0,736912548542023; 0,621683835983276; -0,514800846576691
0,733196914196014; 0,603403329849243; -0,395140469074249
0,780195295810699; 0,641885101795197; -0,270780891180038
0,823444485664368; 0,64256888628006; -0,202965140342712
0,6466423869133; 0,432480275630951; -0,237775340676308
0,668486058712006; 0,644120931625366; -0,113804884254932
0,727083563804626; 0,607730209827423; -0,050280649214983
0,698395848274231; 0,414756059646606; -0,114830419421196
0,661732017993927; 0,484894692897797; -0,0639508441090584
0,632547914981842; 0,500775098800659; -0,0082097202539444
0,632417261600494; 0,485056191682816; 0,0187740828841925
0,627947092056274; 0,479616343975067; 0,0510584376752377
0,586804389953613; 0,448109030723572; 0,0512194074690342
0,549609422683716; 0,425452798604965; 0,0452192239463329
0,525639176368713; 0,37346363067627; 0,0463320724666119
0,513040482997894; 0,319379329681396; 0,0598016791045666
0,498692840337753; 0,31047922372818; 0,0767895728349686
0,488613426685333; 0,295094102621078; 0,0713735371828079
0,446868389844894; 0,282077670097351; 0,0548275783658028
0,384808272123337; 0,271947503089905; 0,0373066365718842
0,340918689966202; 0,237637057900429; 0,026078911498189
0,301045566797256; 0,195357471704483; 0,0242279451340437
0,257145076990128; 0,149226933717728; 0,0280669778585434
0,212843924760818; 0,0963002741336823; 0,0479985289275646
0,1805200278759; 0,059461671859026; 0,0728167816996574
0,157782316207886; 0,0321758314967155; 0,0939696133136749
0,139009147882462; 0,00856765825301409; 0,102983757853508
0,121334798634052; -0,00618216209113598; 0,0929983258247375
0,0900625362992287; -0,0301194880157709; 0,0677445009350777
0,0474007911980152; -0,0609346069395542; 0,0434482954442501
0,0171045437455177; -0,0753915458917618; 0,02964998036623
-0,0277710296213627; -0,0863342955708504; 0,0118536641821265
-0,0638087466359138; -0,105604343116283; -0,000348142755683511
-0,0651908367872238; -0,107544913887978; 0,00865435414016247
-0,0714241117238998; -0,101965352892876; 0,0222386941313744
-0,0909303948283195; -0,108041539788246; 0,0237740464508533
-0,103710494935513; -0,105895780026913; 0,0227671787142754
-0,115672759711742; -0,109529674053192; 0,0182290095835924
-0,131548255681992; -0,114640720188618; 0,00877627171576023
-0,14515908062458; -0,11792029440403; -0,00849275384098291
-0,159155040979385; -0,111927300691605; -0,0102729722857475
-0,15786837041378; -0,0811155065894127; -0,0106399701908231
-0,149540707468987; -0,0885034799575806; -0,032799705862999
-0,127137795090675; -0,0692339763045311; -0,0382199361920357
-0,120120525360107; -0,0502840392291546; -0,038310781121254
-0,118758536875248; -0,060547973960638; -0,0558912754058838
-0,108022436499596; -0,0443514883518219; -0,042084876447916
-0,110675036907196; -0,0535309314727783; -0,0293016880750656
-0,126293003559113; -0,0755409598350525; -0,0282081533223391
-0,116658397018909; -0,0561427846550941; -0,00357581349089742
-0,0977653115987778; -0,0330298095941544; 0,0148025434464216
-0,09251419454813; -0,0224146489053965; 0,0155892362818122
-0,0877989530563354; -0,00498771155253053; 0,00482125813141465
-0,0820176377892494; 0,00844853091984987; -0,0101540861651301
-0,0657347589731216; 0,0206254087388515; -0,013073593378067
-0,0602665953338146; 0,0408389121294022; -0,0171397421509027
-0,0583725497126579; 0,0526292324066162; -0,00519920419901609
-0,0475469902157784; 0,0522102974355221; 0,00627092178910971
-0,0344885736703873; 0,0436142645776272; 0,0179636348038912
-0,0374947376549244; 0,0307846684008837; 0,0312189906835556
-0,0502151064574718; 0,00794898625463247; 0,0371694602072239
-0,0528222545981407; -0,0165048632770777; 0,0473500974476337
-0,0474257208406925; -0,0241932440549135; 0,0472966060042381
-0,0508191809058189; -0,023701973259449; 0,0462423004209995
-0,04932951182127; -0,0205249302089214; 0,0439206250011921
-0,0466706603765488; -0,0113494656980038; 0,0417803637683392
-0,0415643639862537; 0,00282933842390776; 0,0325006432831287
-0,0358175411820412; 0,0103507218882442; 0,0302219484001398
-0,0338609665632248; 0,0105534521862864; 0,0290682148188353
-0,0371050275862217; 0,00599641492590308; 0,0201913546770811
-0,0334634520113468; -0,00676317932084203; 0,0109225381165743
-0,0360000282526016; -0,0229539014399052; 0,00441473396494985
-0,0452823825180531; -0,0362176708877087; -0,00228556385263801
-0,0457336455583572; -0,050069235265255; -0,00429913168773055
-0,040468230843544; -0,0552512444555759; -0,0118848513811827
-0,0344272330403328; -0,0506614707410336; -0,0152798602357507
-0,0209531150758266; -0,0407850705087185; -0,0161526706069708
-0,0086614228785038; -0,0311919674277306; -0,0178442541509867
0,00855848100036383; -0,0201139375567436; -0,0146296266466379
0,0206783674657345; -0,0138924149796367; -0,0165450219064951
0,0261572226881981; -0,015137342736125; -0,0141508216038346
0,0394516885280609; -0,00967992655932903; -0,0120111405849457
0,0427094921469688; -0,00451853917911649; -0,00887271948158741
0,0397532433271408; -0,0102351130917668; -0,0150649938732386
0,0395634695887566; -0,010931177996099; -0,0185212232172489
0,0377232879400253; -0,00328914215788245; -0,0127218160778284
0,0274025034159422; -0,0297469589859247; -0,020322397351265
0,0413212813436985; 0,00307937432080507; 0,00362385297194123
0,0398977398872375; -0,00851993542164564; -0,00168389594182372
0,0337683074176311; -0,0210229568183422; -0,0179279446601868
0,0367982015013695; 0,0219388864934444; 0,00563667481765151
0,0336597189307213; -0,0090263057500124; -0,00114173803012818
0,0344574749469757; -0,0188104063272476; -0,00348816090263426
0,0296932775527239; -0,00337351229973137; -0,00228673010133207
0,0277311634272337; -0,00867176242172718; -0,00414577918127179
0,0311690829694271; -0,00600016163662076; -0,000113457143015694
0,0256791543215513; 0,00171033735387027; 0,000616293691564351
0,0228591244667768; -0,00362036121077836; 0,00145879772026092
0,0151578057557344; -0,00738544389605522; 0,00408749934285879
0,00492444774135947; -0,00783251039683819; 0,00447510788217187
0,00289183598943055; -0,0118759516626596; 0,00964058469980955
-0,00428759818896651; -0,0126234060153365; 0,00961179565638304
-0,00966395251452923; -0,00910375267267227; 0,0131173823028803
-0,00768206082284451; -0,0105986725538969; 0,0106126125901937
-0,00351342745125294; -0,0101337470114231; 0,00888829492032528
-0,00397993391379714; -0,00385582190938294; 0,00860952027142048
-0,00806524325162172; -0,00166532583534718; 0,00786087103188038
-0,006602568551898; -0,0061491159722209; 0,00554331950843334
-0,0071957684122026; -0,0149021362885833; 0,0076213818974793
-0,0101991770789027; -0,0157116260379553; 0,00444220192730427
-0,00937469303607941; -0,0149765321984887; 0,0032445564866066
-0,00836220290511847; -0,00982077699154615; 0,00653530796989799
-0,00904693081974983; 0,00126770045608282; 0,00405578222125769
-0,00381632801145315; 0,00472236843779683; 0,00434846198186278
0,00928382761776447; 0,0188399255275726; 0,00722674280405045
0,0101756677031517; 0,0172867719084024; 0,00156819808762521
0,0102585647255182; 0,0139515241608024; -0,00571975484490395
0,0103704510256648; 0,016248881816864; -0,00754558108747005
0,00672931736335158; -0,00156583858188242; -0,0137547217309475
0,00501731690019369; -0,00165445066522807; -0,0157755892723799
0,000137877039378509; -0,00314776692539454; -0,0224216673523188
-0,00292708561755717; -0,00964686460793018; -0,0259783249348402
-0,00506103737279773; -0,00947622396051884; -0,0260757673531771
-0,00618161959573627; -0,0101147750392556; -0,0305359102785587
-0,00127881742082536; -0,0128164738416672; -0,0287698451429605
-0,00436151400208473; -0,0119789177551866; -0,0299511235207319
-0,00430216128006577; -0,0120884608477354; -0,0282782949507236
0,000313300086418167; -0,0158860422670841; -0,0279850829392672
-0,00303212110884488; -0,0134283928200603; -0,0259611383080482
-0,00632751313969493; -0,00979711674153805; -0,0225716773420572
-0,0104035325348377; -0,00518271513283253; -0,0170600619167089
-0,00676101725548506; -0,00414289906620979; -0,007257298566401
-0,00316504575312138; 0,00300140050239861; -0,00424041692167521
-0,00631807185709476; 0,00892282277345657; -0,00331346807070076
-0,00275630154646933; 0,00568010145798326; -0,00179519853554666
0,00346601777710021; 1,01552477644873e-05; 0,000807638396508992
0,00198523653671145; -0,000958240416366607; 0,00488395616412163
0,00911456439644098; -0,00186851585749537; 0,0103607047349215
0,00706885475665331; 0,00406242581084371; 0,0171104203909636
0,0102349193766713; 0,00923581980168819; 0,0169117748737335
0,00185106776189059; 0,00821120291948318; 0,0117633175104856
-0,000917224504519254; 0,000722167897038162; 0,00247525051236153
-0,00343794468790293; -0,00610477058216929; -0,00712819863110781
-0,0107725011184812; -0,00531520275399089; -0,0115047879517078
-0,00479029584676027; -0,00298602366819978; -0,00692089274525642
0,00452922843396664; 0,00301262782886624; -0,000829774828162044
0,0113827884197235; 0,0134035144001245; 0,00746684474870563
0,0119077963754535; 0,0195612777024508; 0,0129558211192489
0,0116737019270658; 0,0224104095250368; 0,0138216773048043
0,00904838461428881; 0,021682707592845; 0,0118517437949777
0,00639447430148721; 0,0165170226246119; 0,0113667696714401
0,0107343243435025; 0,0128045240417123; 0,0142636001110077
0,0136607252061367; 0,0138030042871833; 0,0140875978395343
0,0167991239577532; 0,0164072010666132; 0,0124335223808885
0,0250181201845407; 0,0199088677763939; 0,0182518921792507
0,0283613782376051; 0,0308109503239393; 0,0186126101762056
0,0299412980675697; 0,0369404219090939; 0,0182923767715693
0,0340688638389111; 0,0394120030105114; 0,020718690007925
0,0314895920455456; 0,0355778224766254; 0,0161560513079166
0,0245977509766817; 0,0261133369058371; 0,0106039913371205
0,0240903943777084; 0,0182925686240196; 0,00871359184384346
0,0215899907052517; 0,013804373331368; 0,00579175120219588
0,0146650923416018; 0,0118071800097823; 0,00387523206882179
0,0140967173501849; 0,0121094100177288; 0,00605094945058227
0,0153221432119608; 0,0139495879411697; 0,00985803455114365
0,0139087000861764; 0,0134582929313183; 0,0117268832400441
0,0146861104294658; 0,010755518451333; 0,0135141527280211
0,0115085048601031; 0,00583830336108804; 0,00977275986224413
0,00376561656594276; -0,000597260717768222; 0,0074613131582737
-0,00237501971423626; -0,00559571059420705; 0,000944892410188913
-0,00337207945995033; -0,0127965053543448; -0,0041932980529964
-0,00900569092482328; -0,0167230032384396; -0,00564285507425666
-0,0166575983166695; -0,0188374985009432; -0,0108815794810653
-0,0172129049897194; -0,0238502863794565; -0,0130686387419701
-0,0143637172877789; -0,030545411631465; -0,0128743331879377
-0,0189826618880033; -0,0286774002015591; -0,0134595530107617
-0,0169721320271492; -0,0229260511696339; -0,00722413836047053
-0,00454635731875896; -0,0153858689591289; -0,00257626478560269
0,00427828123793006; -0,00696018850430846; 0,000138316478114575
0,00891260895878077; -0,00172034429851919; -0,000373630406102166
0,0106268497183919; 0,000160584066179581; -0,00663179624825716
0,0102396653965116; -1,3473078070092e-05; -0,00982054974883795
0,0133134238421917; 3,29281938320491e-05; -0,0102019896730781
0,0165676828473806; 0,00156300223898143; -0,00655221473425627
0,014181537553668; 0,000278660649200901; -0,000405844271881506
0,0123081412166357; -0,00807298254221678; 0,00402520969510078
0,00424810918048024; -0,0132120409980416; 0,00846678577363491
-0,00154130801092833; -0,015293937176466; 0,014406668022275
0,00370752322487533; -0,0155085595324636; 0,0148392394185066
0,00240954663604498; -0,00960895605385303; 0,00950492080301046
0,00158850441221148; -0,00366636621765792; 0,00713617959991097
0,00885777547955513; 0,00127248885110021; 0,00364726246334612
0,0182503089308739; 0,00963814649730921; 0,00169625983107835
0,0261319261044264; 0,0185937061905861; 0,00376492878422141
0,0313593558967113; 0,0228916630148888; 0,00310148461721838
0,0280446577817202; 0,0252631697803736; -0,000902235333342105
0,0274382997304201; 0,0224756971001625; 0,00227910792455077
0,0200151205062866; 0,0227533187717199; 0,000446252583060414
0,00608201790601015; 0,0227103475481272; -0,00547973625361919
-0,00312433834187686; 0,0149628911167383; -0,00758751202374697
-0,0108058182522655; 0,0105083826929331; -0,0102144805714488
-0,0222436022013426; 0,00772679084911942; -0,0163850225508213
-0,0267736073583364; 0,00213898811489344; -0,0224277377128601
-0,02533402107656; -0,000896090699825436; -0,0264162756502628
-0,0274478141218424; 0,00471322098746896; -0,0231821853667498
-0,02624337002635; 0,0111495424062014; -0,0160220135003328
-0,0212594997137785; 0,0112583329901099; -0,00411682156845927
-0,0194098725914955; 0,0125199183821678; 0,00794474221765995
-0,0244174487888813; 0,0109382336959243; 0,0193742550909519
-0,0314343273639679; 0,00624285545200109; 0,0272211581468582
-0,0260195769369602; -0,00115246220957488; 0,0366526395082474
-0,0265957452356815; -0,00200547487474978; 0,0353668928146362
-0,0265757590532303; 0,00221883412450552; 0,0340358130633831
-0,0204210076481104; 0,0094565013423562; 0,0324192084372044
-0,00915549974888563; 0,0164238233119249; 0,0285189282149076
0,000280457315966487; 0,0194678604602814; 0,0268275178968906
0,00317833246663213; 0,0253291670233011; 0,0267362128943205
0,00857042986899614; 0,0231019984930754; 0,0319243334233761
0,00541381817311049; 0,0188629757612944; 0,0319277681410313
0,00241669989190996; 0,0138032911345363; 0,030288353562355
0,000888378883246332; 0,00748010631650686; 0,025230024009943
-0,00033809183514677; 0,00243764370679855; 0,0171607937663794
-0,00567405670881271; 0,00339421001262963; 0,00763319618999958
-0,00823355000466108; 0,00600657938048244; -0,000544272887054831
-0,00167995109222829; 0,00913072563707829; -0,0056949257850647
0,00535022094845772; 0,0123670306056738; -0,00717078614979982
0,0110446373000741; 0,0167547911405563; -0,00836931169033051
0,017911970615387; 0,0241431947797537; -0,00827795173972845
0,0232088156044483; 0,0279527045786381; -0,00482688331976533
0,0216902382671833; 0,026223873719573; -0,00145213201176375
0,0163377691060305; 0,0229741800576448; -0,000925103668123484
0,0119730718433857; 0,0163667481392622; -0,00538676651194692
0,00503286812454462; 0,00513522932305932; -0,00808243080973625
-0,00652543781325221; 9,64341161306947e-05; -0,00892207492142916
-0,008671292103827; -0,0036268865223974; -0,00910375546664
-0,00860850419849157; -0,00889918487519026; -0,0128968972712755
-0,0116011677309871; -0,00867549236863852; -0,0155300442129374
-0,0112967137247324; -0,00769534101709723; -0,0159453824162483
-0,00666136853396893; -0,00735154515132308; -0,0154544711112976
-0,0088420333340764; -0,00478971423581243; -0,0132590243592858
-0,00920970179140568; -0,00347073189914227; -0,00731746200472116
-0,00935125537216663; -0,00305867381393909; -0,00351146259345114
-0,0118427919223905; -0,00597862247377634; -0,00168082653544843
-0,0143717005848885; -0,00808679964393377; 0,00278081907890737
-0,0130019169300795; -0,00791760440915823; 0,000858757295645773
-0,0140514709055424; -0,00738164037466049; -0,00735518336296082
-0,0158631820231676; -0,00641043670475483; -0,00887543708086014
-0,0131987361237407; -0,00860925205051899; -0,00857670046389103
-0,00507339229807258; -0,00766899064183235; -0,00892371125519276
0,00135589530691504; -0,00178227201104164; -0,00369368819519877
0,00531407073140144; 0,00370423495769501; 0,00180267915129662
0,00525642558932304; 0,00458625098690391; 0,00288584874942899
0,00293414061889052; 0,00699670147150755; 0,00647766189649701
0,00145049078855664; 0,010147606022656; 0,00439459644258022
0,00267338450066745; 0,00982735957950354; 0,00482483021914959
0,00602997466921806; 0,0147853884845972; 0,00441562058404088